ion_paramter	temperature
8.0   8.00308694672
7.99199199199   8.00308663303
7.98398398398   8.00308632077
7.97597597598   8.0030860085
7.96796796797   8.00308569623
7.95995995996   8.00308538397
7.95195195195   8.00308504202
7.94394394394   8.00308469947
7.93593593594   8.00308435692
7.92792792793   8.00308401437
7.91991991992   8.00308367056
7.91191191191   8.00308329412
7.9039039039   8.00308291835
7.8958958959   8.00308254257
7.88788788789   8.0030821668
7.87987987988   8.00308179103
7.87187187187   8.00308137908
7.86386386386   8.00308096686
7.85585585586   8.00308055465
7.84784784785   8.00308014243
7.83983983984   8.00307973025
7.83183183183   8.00307928129
7.82382382382   8.0030788291
7.81581581582   8.0030783769
7.80780780781   8.00307792471
7.7997997998   8.00307747144
7.79179179179   8.00307697658
7.78378378378   8.00307648052
7.77577577578   8.00307598447
7.76776776777   8.00307548842
7.75975975976   8.00307499237
7.75175175175   8.00307445156
7.74374374374   8.0030739074
7.73573573574   8.00307336324
7.72772772773   8.00307281908
7.71971971972   8.00307227492
7.71171171171   8.00307168542
7.7037037037   8.00307108848
7.6956956957   8.00307049155
7.68768768769   8.00306989462
7.67967967968   8.00306929705
7.67167167167   8.00306864652
7.66366366366   8.0030679917
7.65565565566   8.00306733687
7.64764764765   8.00306668205
7.63963963964   8.00306602722
7.63163163163   8.00306532038
7.62362362362   8.00306460205
7.61561561562   8.00306388371
7.60760760761   8.00306316538
7.5995995996   8.0030624469
7.59159159159   8.00306166982
7.58358358358   8.00306088182
7.57557557558   8.00306009382
7.56756756757   8.00305930582
7.55955955956   8.00305851784
7.55155155155   8.00305766288
7.54354354354   8.00305679846
7.53553553554   8.00305593404
7.52752752753   8.00305506963
7.51951951952   8.00305420521
7.51151151151   8.00305327717
7.5035035035   8.00305232892
7.4954954955   8.00305138067
7.48748748749   8.00305043241
7.47947947948   8.00304948416
7.47147147147   8.00304846373
7.46346346346   8.00304742351
7.45545545546   8.0030463833
7.44744744745   8.00304534308
7.43943943944   8.00304430287
7.43143143143   8.00304318551
7.42342342342   8.00304204441
7.41541541542   8.00304090331
7.40740740741   8.00303976221
7.3993993994   8.00303862111
7.39139139139   8.00303739205
7.38338338338   8.00303614029
7.37537537538   8.00303488853
7.36736736737   8.00303363677
7.35935935936   8.00303238501
7.35135135135   8.00303105113
7.34334334334   8.00302967797
7.33533533534   8.00302830481
7.32732732733   8.00302693165
7.31931931932   8.00302555849
7.31131131131   8.00302409133
7.3033033033   8.003022585
7.2952952953   8.00302107867
7.28728728729   8.00301957234
7.27927927928   8.003018066
7.27127127127   8.00301645247
7.26326326326   8.00301480006
7.25525525526   8.00301314765
7.24724724725   8.00301149524
7.23923923924   8.00300984283
7.23123123123   8.00300809137
7.22322322322   8.00300627871
7.21521521522   8.00300446604
7.20720720721   8.00300265338
7.1991991992   8.00300084071
7.19119119119   8.00299890623
7.18318318318   8.00299691778
7.17517517518   8.00299492933
7.16716716717   8.00299294088
7.15915915916   8.00299095243
7.15115115115   8.00298884255
7.14314314314   8.00298666127
7.13513513514   8.00298447998
7.12712712713   8.00298229869
7.11911911912   8.0029801174
7.11111111111   8.00297781858
7.1031031031   8.00297542575
7.0950950951   8.00297303292
7.08708708709   8.00297064009
7.07907907908   8.00296824726
7.07107107107   8.0029657079
7.06306306306   8.00296308303
7.05505505506   8.00296045816
7.04704704705   8.00295783329
7.03903903904   8.00295520843
7.03103103103   8.0029524518
7.02302302302   8.00294957237
7.01501501502   8.00294669294
7.00700700701   8.0029438135
6.998998999   8.00294093407
6.99099099099   8.00293788982
6.98298298298   8.00293473117
6.97497497497   8.00293157252
6.96696696697   8.00292841387
6.95895895896   8.00292525523
6.95095095095   8.00292193558
6.94294294294   8.00291847062
6.93493493493   8.00291500566
6.92692692693   8.0029115407
6.91891891892   8.00290807574
6.91091091091   8.00290445712
6.9029029029   8.00290065613
6.89489489489   8.00289685514
6.88688688689   8.00289305416
6.87887887888   8.00288925317
6.87087087087   8.0028852564
6.86286286286   8.00288108683
6.85485485485   8.00287691727
6.84684684685   8.00287274771
6.83883883884   8.00286857815
6.83083083083   8.00286422212
6.82282282282   8.00285964824
6.81481481481   8.00285507436
6.80680680681   8.00285050049
6.7987987988   8.00284592661
6.79079079079   8.00284117821
6.78278278278   8.00283616078
6.77477477477   8.00283114336
6.76676676677   8.00282612594
6.75875875876   8.00282110851
6.75075075075   8.00281588558
6.74274274274   8.00281038161
6.73473473473   8.00280487763
6.72672672673   8.00279937365
6.71871871872   8.00279386967
6.71071071071   8.00278815517
6.7027027027   8.00278211751
6.69469469469   8.00277607986
6.68668668669   8.00277004221
6.67867867868   8.00276400455
6.67067067067   8.00275774349
6.66266266266   8.00275112038
6.65465465465   8.00274449726
6.64664664665   8.00273787414
6.63863863864   8.00273125102
6.63063063063   8.00272437007
6.62262262262   8.00271710484
6.61461461461   8.0027098396
6.60660660661   8.00270257437
6.5985985986   8.00269530914
6.59059059059   8.00268780093
6.58258258258   8.00267983122
6.57457457457   8.0026718615
6.56656656657   8.00266389179
6.55855855856   8.00265592207
6.55055055055   8.00264770915
6.54254254254   8.00263896677
6.53453453453   8.00263022438
6.52652652653   8.002621482
6.51851851852   8.00261273961
6.51051051051   8.00260377997
6.5025025025   8.00259418981
6.49449449449   8.00258459966
6.48648648649   8.00257500951
6.47847847848   8.00256541936
6.47047047047   8.00255557975
6.46246246246   8.00254506018
6.45445445445   8.00253454031
6.44644644645   8.00252402044
6.43843843844   8.00251350057
6.43043043043   8.00250266989
6.42242242242   8.00249113016
6.41441441441   8.00247959043
6.40640640641   8.0024680507
6.3983983984   8.00245651097
6.39039039039   8.00244475879
6.38238238238   8.00243210018
6.37437437437   8.00241944157
6.36636636637   8.00240678296
6.35835835836   8.00239412434
6.35035035035   8.00238116787
6.34234234234   8.00236727572
6.33433433433   8.00235339026
6.32632632633   8.00233950481
6.31831831832   8.00232561935
6.31031031031   8.00231148686
6.3023023023   8.00229624363
6.29429429429   8.00228101216
6.28628628629   8.00226578068
6.27827827828   8.00225054921
6.27027027027   8.0022351241
6.26226226226   8.00221842162
6.25425425425   8.00220171348
6.24624624625   8.00218500533
6.23823823824   8.00216829719
6.23023023023   8.00215133912
6.22222222222   8.00213301123
6.21421421421   8.00211468334
6.20620620621   8.00209635546
6.1981981982   8.00207802757
6.19019019019   8.00205945227
6.18218218218   8.00203931905
6.17417417417   8.00201921544
6.16616616617   8.00199911183
6.15815815816   8.00197900822
6.15015015015   8.00195873589
6.14214214214   8.00193664784
6.13413413413   8.00191459588
6.12612612613   8.00189254391
6.11811811812   8.00187049195
6.11011011011   8.0018483
6.1021021021   8.00182404895
6.09409409409   8.00179985957
6.08608608609   8.00177567018
6.07807807808   8.00175148079
6.07007007007   8.0017272356
6.06206206206   8.00170070185
6.05405405405   8.0016741681
6.04604604605   8.00164763436
6.03803803804   8.00162110061
6.03003003003   8.00159447011
6.02202202202   8.00156531257
6.01401401401   8.0015362089
6.00600600601   8.00150710522
5.997997998   8.00147800155
5.98998998999   8.00144889787
5.98198198198   8.00141698702
5.97397397397   8.00138506198
5.96596596597   8.00135313694
5.95795795796   8.0013212119
5.94994994995   8.00128924567
5.94194194194   8.00125424888
5.93393393393   8.00121923304
5.92592592593   8.00118421719
5.91791791792   8.00114920135
5.90990990991   8.00111418551
5.9019019019   8.00107592894
5.89389389389   8.0010375189
5.88588588589   8.00099910885
5.87787787788   8.0009606988
5.86986986987   8.0009222685
5.86186186186   8.00088033393
5.85385385385   8.00083820655
5.84584584585   8.00079607917
5.83783783784   8.00075395179
5.82982982983   8.00071182441
5.82182182182   8.00066594196
5.81381381381   8.00061973506
5.80580580581   8.00057352817
5.7977977978   8.00052732128
5.78978978979   8.00048111438
5.78178178178   8.0004309019
5.77377377377   8.00038021684
5.76576576577   8.00032953178
5.75775775776   8.00027884673
5.74974974975   8.00022817752
5.74174174174   8.00017322161
5.73373373373   8.00011763455
5.72572572573   8.00006204748
5.71771771772   8.00000646041
5.70970970971   7.99995087335
5.7017017017   7.99989059041
5.69369369369   7.99982962043
5.68568568569   7.99976865045
5.67767767768   7.99970768047
5.66966966967   7.99964676327
5.66166166166   7.99958114581
5.65365365365   7.99951427425
5.64564564565   7.9994474027
5.63763763764   7.99938053114
5.62962962963   7.9993136515
5.62162162162   7.99924138401
5.61361361361   7.99916804347
5.60560560561   7.99909470293
5.5975975976   7.99902136239
5.58958958959   7.99894806152
5.58158158158   7.99886951685
5.57357357357   7.99878907999
5.56556556557   7.99870864314
5.55755755756   7.99862820628
5.54954954955   7.99854776942
5.54154154154   7.99846127272
5.53353353353   7.99837305883
5.52552552553   7.99828484494
5.52411469435   7.99826930364
5.51751751752   7.99818827869
5.50950950951   7.99808996797
5.5015015015   7.99798521685
5.49349349349   7.99787740203
5.48548548549   7.99776956827
5.47747747748   7.99766173451
5.46946946947   7.99755390075
5.46146146146   7.99743840613
5.45345345345   7.99732013045
5.44544544545   7.99720185477
5.43743743744   7.99708357909
5.42942942943   7.99696559986
5.42142142142   7.99683961222
5.41341341341   7.99670991524
5.40540540541   7.99658021827
5.3973973974   7.99645052129
5.38938938939   7.99632129486
5.38138138138   7.99618428076
5.37337337337   7.99604233857
5.36536536537   7.99590016448
5.35735735736   7.99575799038
5.34934934935   7.99561581629
5.34134134134   7.99546543043
5.33333333333   7.99530990904
5.32532532533   7.9951540223
5.31731731732   7.99499813555
5.30930930931   7.9948422488
5.3013013013   7.99467778355
5.29329329329   7.99450741569
5.28528528529   7.99433650195
5.27727727728   7.99416558821
5.26926926927   7.99399467447
5.26126126126   7.99381329109
5.25325325325   7.99362584203
5.24524524525   7.99343839296
5.23780776442   7.99326429863
5.23723723724   7.99325094605
5.22922922923   7.99306508976
5.22122122122   7.99286759926
5.21321321321   7.9926620946
5.20520520521   7.99245658994
5.1971971972   7.99225125236
5.18918918919   7.99204768219
5.18118118118   7.99183163121
5.17317317317   7.99160634536
5.16516516517   7.9913810595
5.15715715716   7.99115612734
5.14914914915   7.99093321915
5.14114114114   7.99069880995
5.13313313313   7.99045433979
5.12512512513   7.99020774398
5.11711711712   7.98996090928
5.10910910911   7.98971407457
5.1011011011   7.98945405413
5.09309309309   7.98918336396
5.08508508509   7.98891267378
5.07707707708   7.98864277056
5.06906906907   7.98837575879
5.06574549298   7.98825929363
5.06106106106   7.98809514118
5.05305305305   7.9878024651
5.04504504505   7.9875068853
5.03703703704   7.98721037344
5.02902902903   7.98691386158
5.02102102102   7.98660267262
5.01301301301   7.98627752517
5.00500500501   7.98595237771
4.996996997   7.98562972983
4.98898898899   7.98530915267
4.98098098098   7.98497332064
4.97297297297   7.98462176808
4.96496496496   7.98426918973
4.95695695696   7.98391312742
4.94894894895   7.9835570651
4.94239308162   7.98325428862
4.94094094094   7.98318722289
4.93293293293   7.98280198813
4.92492492492   7.98241654327
4.91691691692   7.98202700739
4.90890890891   7.98163688627
4.9009009009   7.98123229514
4.89289289289   7.9808101775
4.88488488488   7.98038799095
4.87687687688   7.97996283203
4.86886886887   7.97953543101
4.86086086086   7.97909022705
4.85285285285   7.97862163205
4.84644276218   7.97824928362
4.84484484484   7.97815654615
4.83683683684   7.9776944792
4.82882882883   7.97723241225
4.82082082082   7.97675198077
4.81281281281   7.97624534513
4.8048048048   7.97573870948
4.7967967968   7.97523137753
4.78878878879   7.97472043488
4.78078078078   7.97419112575
4.77277277277   7.97363618475
4.7671174194   7.97324427861
4.76476476476   7.97308124374
4.75675675676   7.97252630274
4.74874874875   7.97196857362
4.74074074074   7.9713873069
4.73273273273   7.97077627335
4.72472472472   7.97016919154
4.71671671672   7.96956210973
4.70870870871   7.96895502791
4.7007007007   7.96832738849
4.6996404517   7.96823927361
4.69269269269   7.9676654145
4.68468468468   7.96700398275
4.67667667668   7.96634255101
4.66866866867   7.96568111927
4.66066066066   7.96499960723
4.65265265265   7.96427606912
4.64464464464   7.96355282344
4.6411175033   7.9632342686
4.63663663664   7.9628330301
4.62862862863   7.96211595429
4.62062062062   7.96138030306
4.61261261261   7.96059789466
4.6046046046   7.95981297744
4.5965965966   7.95902806023
4.58858858859   7.95824314302
4.58845083996   7.9582292636
4.58058058058   7.95743626341
4.57257257257   7.95657598532
4.56456456456   7.95571570723
4.55655655656   7.95485557501
4.54854854855   7.95400444258
4.54137498888   7.95322425859
4.54054054054   7.95313350543
4.53253253253   7.95220310467
4.52452452452   7.951269217
4.51651651652   7.95033020541
4.50850850851   7.94939032599
4.5005005005   7.94842782043
4.49887884196   7.94821925359
4.49249249249   7.94739788414
4.48448448448   7.94636982246
4.47647647648   7.94535123917
4.46846846847   7.94433484541
4.46046046046   7.94329590521
4.45987342912   7.94321424858
4.45245245245   7.94218198347
4.44444444444   7.94106806174
4.43643643644   7.93995399679
4.42842842843   7.93883519331
4.42405879046   7.93820924358
4.42042042042   7.93768804782
4.41241241241   7.93646108492
4.4044044044   7.93524502065
4.3963963964   7.93402895637
4.39096547727   7.93320423857
4.38838838839   7.93278890644
4.38038038038   7.93147412275
4.37237237237   7.93006282594
4.36436436436   7.92865224511
4.36179257267   7.92819923357
4.35635635636   7.927175651
4.34834834835   7.92566782702
4.34034034034   7.92413920935
4.33570240438   7.92319422856
4.33233233233   7.92250786561
4.32432432432   7.92086327914
4.31631631632   7.91921677356
4.31131868447   7.91818922356
4.30830830831   7.91757026799
4.3003003003   7.91590009491
4.29229229229   7.91409658646
4.288241161   7.91318421855
4.28428428428   7.91229468065
4.27627627628   7.91051430632
4.26826826827   7.90874063687
4.2657647219   7.90817921355
4.26026026026   7.90694483132
4.25225225225   7.90500177283
4.24472023531   7.90317420854
4.24424424424   7.90305871434
4.23623623624   7.90111565585
4.22822822823   7.8991718039
4.2241589978   7.89816920354
4.22022022022   7.8972123486
4.21221221221   7.89511784408
4.20473177608   7.89316419853
4.2042042042   7.89302750593
4.1961961962   7.89095265035
4.18818818819   7.88887779477
4.18543835173   7.88815919353
4.18018018018   7.88678510141
4.17217217217   7.8845130028
4.16738303337   7.88315418852
4.16416416416   7.88224090419
4.15615615616   7.8799797305
4.1496052737   7.87814918352
4.14814814815   7.8777421816
4.14014014014   7.87548842542
4.13256427352   7.87314417851
4.13213213213   7.87301051406
4.12412412412   7.87055284149
4.11620248672   7.86813917351
4.11611611612   7.86811285698
4.10810810811   7.86567287248
4.1001001001   7.86322124552
4.09983909842   7.8631341685
4.09209209209   7.86047216842
4.08527343191   7.8581291635
4.08408408408   7.85771300557
4.07607607608   7.85491096906
4.07096950686   7.85312415849
4.06806806807   7.85210893256
4.06006006006   7.84929891069
4.05697979502   7.84811915349
4.05205205205   7.84623180282
4.04404404404   7.84316469496
4.04391106325   7.84311414848
4.03603603604   7.84013656908
4.03065041157   7.83810914348
4.02802802803   7.83712194365
4.02002002002   7.83410444574
4.01759268932   7.83310413847
4.01201201201   7.8308043315
4.0054476188   7.82809913347
4.004004004   7.82746110669
3.995995996   7.82392184984
3.99412317363   7.82309412846
3.98798798799   7.82029342317
3.98315928001   7.81808912346
3.97997997998   7.81663777659
3.97285972316   7.81308411845
3.97197197197   7.81264104956
3.96396396396   7.80864085583
3.96282943079   7.80807911345
3.95595595596   7.80470244939
3.95262515706   7.80307410844
3.94794794795   7.80078754255
3.94238733485   7.79806910344
3.93993993994   7.79687263572
3.9328177578   7.79306409843
3.93193193193   7.79259234784
3.92392392392   7.78832624501
3.92342244701   7.78805909343
3.91591591592   7.7840550686
3.91403343717   7.78305408842
3.90790790791   7.77982435802
3.90450470229   7.77804908342
3.8998998999   7.77564699854
3.89531921071   7.77304407841
3.89189189189   7.77109654676
3.88653450723   7.76803907341
3.88388388388   7.76652635576
3.87776460677   7.7630340684
3.87587587588   7.76195616477
3.86899470631   7.7580290634
3.86786786787   7.7573294933
3.86087107032   7.75302405839
3.85985985986   7.75239834903
3.85329894937   7.74801905339
3.85185185185   7.74705314052
3.84583711359   7.74301404838
3.84384384384   7.74167550299
3.83839757025   7.73800904338
3.83583583584   7.73628907367
3.83096500817   7.73300403837
3.82782782783   7.73089841016
3.82352731159   7.72799903337
3.81981981982   7.7255114408
3.81632775389   7.72299402836
3.81181181181   7.71981286075
3.80923705559   7.71798902336
3.8038038038   7.7141441915
3.80216432694   7.71298401835
3.7957957958   7.70847733757
3.79509159829   7.70797901335
3.78801886964   7.70297400834
3.78778778779   7.70281048364
3.78094614099   7.69796900334
3.77977977978   7.69714362971
3.77423552641   7.69296399833
3.77177177177   7.69110665424
3.76762799927   7.68795899333
3.76376376376   7.68489698264
3.76131171887   7.68295398832
3.75575575576   7.67854636345
3.75499845176   7.67794898331
3.748553972   7.67294397831
3.74774774775   7.67232721155
3.74201153704   7.6679389733
3.73973973974   7.66620103369
3.73584815752   7.6629339683
3.73173173173   7.65949347767
3.72984959281   7.65792896329
3.72377281548   7.65292395829
3.72372372372   7.65287913838
3.71829077651   7.64791895328
3.71571571572   7.64556796814
3.71278802935   7.64291394828
3.70770770771   7.63841074587
3.70713327514   7.63790894327
3.701403855   7.63290393827
3.6996996997   7.63141525257
3.6959615339   7.62789893326
3.69169169169   7.62388249061
3.69065389918   7.62289392826
3.68539629977   7.61788892325
3.68368368368   7.6162666523
3.68011256338   7.61288391825
3.67567567568   7.60868108838
3.67482194903   7.60787891324
3.66938931585   7.60287390824
3.66766766767   7.60131778636
3.66385192327   7.59786890323
3.65965965966   7.594079701
3.65840718157   7.59286389823
3.653251198   7.58785889322
3.65165165165   7.58629571166
3.64817905243   7.58285388822
3.64364364364   7.57821938563
3.64328106322   7.57784888321
3.63838307402   7.57284387821
3.63563563564   7.57004910909
3.63340900142   7.5678388732
3.62824595649   7.5628338682
3.62762762763   7.56223446628
3.62308291155   7.55782886319
3.61961961962   7.55447158205
3.61803271716   7.55282385819
3.61326898304   7.54781885318
3.61161161161   7.54602750096
3.60869097142   7.54281384818
3.60413152425   7.53780884317
3.6036036036   7.53722692849
3.59962052388   7.53280383817
3.5955955956   7.52839210973
3.59505829902   7.52779883316
3.59052424038   7.52279382816
3.58758758759   7.51954518646
3.58601166831   7.51778882315
3.58147487062   7.51278381815
3.57957957958   7.51075568034
3.57690425891   7.50777881314
3.57240624389   7.50277380814
3.57157157157   7.50184505643
3.5679700275   7.49776880313
3.56356356356   7.4927815358
3.56354789158   7.49276379813
3.55912575565   7.48775879312
3.55555555556   7.48371801516
3.55470361973   7.48275378812
3.5503319627   7.47774878311
3.54754754755   7.47450300676
3.54603837921   7.47274377811
3.54174479573   7.4677387731
3.53953953954   7.46516811894
3.5375791212   7.4627337681
3.53354851744   7.45772876309
3.53153153153   7.45522416944
3.52951631723   7.45272375809
3.52533059865   7.44771875308
3.52352352352   7.44555118086
3.52115799488   7.44271374808
3.51707184963   7.43770874307
3.51551551552   7.43580243296
3.51294437424   7.43270373807
3.50862959912   7.42769873306
3.50750750751   7.42642057684
3.50423571201   7.42269372806
3.49984182491   7.41768872305
3.4994994995   7.41729878578
3.49568762517   7.41268371805
3.49154592207   7.40767871304
3.49149149149   7.40761241126
3.48751991526   7.40267370804
3.48348348348   7.3977382199
3.48342711136   7.39766870303
3.47943557111   7.39266369803
3.47547547548   7.38775535269
3.47539815924   7.38765869302
3.47138279073   7.38265368802
3.46746746747   7.37777200193
3.46736861319   7.37764868301
3.46350604922   7.37264367801
3.45957618159   7.367638673
3.45945945946   7.36749355474
3.45576118671   7.362633668
3.45195248197   7.35762866299
3.45145145145   7.35697026062
3.44821290971   7.35262365799
3.44448380931   7.34761865298
3.44344344344   7.34622232791
3.44075470891   7.34261364798
3.43707201633   7.33760864297
3.43543543544   7.3353706541
3.43341199117   7.33260363797
3.42963619587   7.32759863296
3.42742742743   7.32477711507
3.42569865937   7.32259362796
3.42173596468   7.31758862295
3.41941941942   7.3146627552
3.41789825406   7.31258361795
3.41415088785   7.30757861294
3.41141141141   7.30375759888
3.41057640787   7.30257360794
3.40715547043   7.29756860293
3.403734533   7.29256359793
3.4034034034   7.29207913854
3.40027570681   7.28755859292
3.39665779247   7.28255358792
3.3953953954   7.28085046225
3.39294796424   7.27754858291
3.389238136   7.27254357791
3.38738738739   7.2699646423
3.38564634175   7.2675385729
3.38208197817   7.2625335679
3.37937937938   7.25873863505
3.37856326346   7.25752856289
3.37518770917   7.25252355789
3.37181215488   7.24751855288
3.37137137137   7.24686499396
3.3684308579   7.24251354788
3.36488256821   7.23750854287
3.36336336336   7.23528153514
3.36146828826   7.23250353787
3.35807454549   7.22749853286
3.35535535536   7.22348834081
3.35468080273   7.22249352786
3.3513010701   7.21748852285
3.34790697669   7.21248351785
3.34734734735   7.21164577971
3.34458598277   7.20747851284
3.34122855935   7.20247350784
3.33933933934   7.19962950977
3.3379508951   7.19746850283
3.3347350668   7.19246349783
3.33151923849   7.18745849282
3.33133133133   7.18716604056
3.32835189391   7.18245348782
3.32518755815   7.17744848281
3.32332332332   7.17449983725
3.32202322238   7.17244347781
3.31886093045   7.1674384728
3.31579486272   7.1624334678
3.31531531532   7.16165066149
3.31272060433   7.15742846279
3.30952632901   7.15242345779
3.30730730731   7.14906546728
3.30621377031   7.14741845278
3.30289069199   7.14241344778
3.29956761366   7.13740844277
3.2992992993   7.13700063945
3.29642294187   7.13240343777
3.29343956464   7.12739843276
3.29129129129   7.12384155624
3.29044806761   7.12239342776
3.28753372759   7.11738842275
3.28461938757   7.11238341775
3.28328328328   7.11014103031
3.2815918071   7.10737841274
3.27843710767   7.10237340774
3.27531276271   7.09736840273
3.27527527528   7.09730513215
3.27234732766   7.09236339773
3.26938189261   7.08735839272
3.26726726727   7.0837893682
3.26641645756   7.08235338772
3.26345102251   7.07734838271
3.26048858262   7.07234337771
3.25925925926   7.07027360424
3.25760243056   7.0673383727
3.25475741529   7.0623333677
3.25182788178   7.05732836269
3.25125125125   7.05633011978
3.24900486611   7.05232335769
3.24619709478   7.04731835268
3.24339008943   7.04231334768
3.24324324324   7.04205151494
3.24058308408   7.03730834267
3.23777607873   7.03230333767
3.23523523524   7.02767257104
3.23502989534   7.02729833266
3.23242565051   7.02229332766
3.22978132541   7.01728832265
3.22722722723   7.01269036519
3.22699659629   7.01228331765
3.22416078742   7.00727831264
3.22132497856   7.00227330764
3.21921921922   6.99855678916
3.21852499872   6.99726830263
3.21584822926   6.99226329763
3.2130966382   6.98725829262
3.21121121121   6.98380875654
3.21038750899   6.98225328762
3.20773709682   6.97724828261
3.20508668466   6.97224327761
3.2032032032   6.96868653491
3.2024362725   6.9672382726
3.19978586033   6.9622332676
3.19717561177   6.95722826259
3.1951951952   6.9533549346
3.19461657343   6.95222325759
3.19202789984   6.94721825258
3.18932710891   6.94221324758
3.18718718719   6.9383679045
3.18654183886   6.93720824257
3.18375656881   6.93220323757
3.18097129877   6.92719823256
3.17917917918   6.92391095986
3.1782880127   6.92219322756
3.17574336985   6.91718822255
3.173198727   6.91218321755
3.17117117117   6.90819526024
3.17067103516   6.90717821254
3.16820981012   6.90217320754
3.16566947749   6.89716820253
3.16316316316   6.89243207267
3.16301921834   6.89216319753
3.16038472893   6.88715819252
3.15778293226   6.88215318752
3.15518132504   6.87714818251
3.15515515516   6.87709818594
3.15258000048   6.87214317751
3.15003185827   6.8671381725
3.14747807475   6.8621331675
3.14714714715   6.86147512204
3.14496108403   6.85712816249
3.14252011137   6.85212315749
3.13999127318   6.84711815248
3.13913913914   6.84547347095
3.13747291693   6.84211314748
3.13499117653   6.83710814247
3.13250943613   6.83210313747
3.13113113113   6.82932346582
3.13006732491   6.82709813246
3.12767471464   6.82209312746
3.12535054744   6.81708812245
3.12312312312   6.81223552434
3.12305316579   6.81208311745
3.12075578415   6.80707811244
3.11843155811   6.80207310744
3.11599796311   6.79706810243
3.11511511512   6.7952948568
3.11350478254   6.79206309743
3.11101087082   6.78705809242
3.10869494506   6.78205308742
3.10710710711   6.7785493499
3.106412796   6.77704808241
3.10397550827   6.77204307741
3.10151022594   6.7670380724
3.0990990991   6.76214301363
3.09904758244   6.7620330674
3.09670242567   6.75702806239
3.0943572689   6.75202305739
3.09205833907   6.74701805238
3.09109109109   6.74490524123
3.08981825215   6.74201304738
3.08761557639   6.73700804237
3.08541290063   6.73200303737
3.08320162447   6.72699803236
3.08308308308   6.72674449372
3.08081115263   6.72199302736
3.07841799177   6.71698802235
3.07602755927   6.71198301735
3.07507507508   6.70998856249
3.07363733814   6.70697801234
3.07124711701   6.70197300734
3.06886950223   6.69696800233
3.06706706707   6.69321366584
3.0664705185   6.69196299733
3.064166015   6.68695799232
3.06184015351   6.68195298732
3.05962416335   6.67694798231
3.05905905906   6.67572847309
3.05736141352   6.67194297731
3.0551168662   6.6669379723
3.05287231887   6.6619329673
3.05105105105   6.65787181231
3.05064553598   6.65692796229
3.04849518908   6.65192295729
3.04635475112   6.64691795228
3.04435081597   6.64191294728
3.04304304304   6.6386466689
3.04234688082   6.63690794227
3.04034294567   6.63190293727
3.03829235724   6.62689793226
3.03615520754   6.62189292726
3.03503503504   6.61931696539
3.03397875102   6.61688792225
3.03183805881   6.61188291725
3.02992175717   6.60687791224
3.02799696689   6.60187290724
3.02702702703   6.5994978337
3.02593064084   6.59686790223
3.02384411562   6.59186289723
3.0217575904   6.58685789222
3.01967106518   6.58185288722
3.01901901902   6.58024345625
3.01770220621   6.57684788221
3.01588969563   6.57184287721
3.0140287027   6.5668378722
3.01216770976   6.5618328672
3.01101101101   6.55872201014
3.01034364265   6.55682786219
3.00856535432   6.55182285719
3.00671784689   6.54681785218
3.00484346295   6.54181284718
3.00314783822   6.53680784217
3.003003003   6.53638032954
3.00145221349   6.53180283717
2.99975658877   6.52679783216
2.99798824493   6.52179282716
2.99613377896   6.51678782215
2.99499499499   6.51376568302
2.99424782362   6.51178281715
2.99240280826   6.50677781214
2.99063488826   6.50177280714
2.98886696826   6.49676780213
2.98709904826   6.49176279713
2.98698698699   6.49144555018
2.98533112826   6.48675779212
2.98360784272   6.48175278712
2.98189109939   6.47674778211
2.98026977744   6.47174277711
2.97897897898   6.46791289626
2.97858481154   6.4667377721
2.97685787624   6.4617327671
2.97513094095   6.45672776209
2.97340400565   6.45172275709
2.97167707035   6.44671775208
2.97097097097   6.4446713344
2.96998465536   6.44171274708
2.96835793877   6.43670774207
2.96677537658   6.43170273707
2.96519281438   6.42669773206
2.96361025218   6.42169272706
2.96296296296   6.4196456127
2.96200200402   6.41668772205
2.96021076531   6.41168271705
2.95834237858   6.40667771204
2.9566537966   6.40167270704
2.95510866986   6.39666770203
2.95495495495   6.39616978567
2.95354547752   6.39166269703
2.95188094744   6.38665769202
2.95002831123   6.38165268702
2.94817567503   6.37664768201
2.94694694695   6.37332820128
2.94632303882   6.37164267701
2.94466316506   6.366637672
2.94301062078   6.361632667
2.94120425806   6.35662766199
2.93933383594   6.35162265699
2.93893893894   6.35056596426
2.93748629436   6.34661765198
2.93564487633   6.34161264698
2.9338034583   6.33660764197
2.93200638704   6.33160263697
2.93093093093   6.32869849586
2.93018349396   6.32659763196
2.92840283327   6.32159262696
2.92662217257   6.31658762195
2.92484151188   6.31158261695
2.92292292292   6.30682384613
2.92281823887   6.30657761194
2.92062441595   6.30157260694
2.91841542621   6.29656760193
2.91620179288   6.29156259693
2.91491491491   6.28865297744
2.91398815955   6.28655759192
2.91184585133   6.28155258692
2.90971421624   6.27654758191
2.90770656112   6.27154257691
2.90690690691   6.26954444144
2.90570355711   6.2665375719
2.90367411819   6.2615325669
2.90141827991   6.25652756189
2.89895751661   6.25152255689
2.8988988989   6.25140495293
2.89646693116   6.24651755188
2.89397644377   6.24151254688
2.89148595638   6.23650754187
2.89089089089   6.23531166922
2.88899937955   6.23150253687
2.88655225098   6.22649753186
2.88410912585   6.22149252686
2.88288288288   6.21898043605
2.88166600072   6.21648752185
2.87916460299   6.21148251685
2.87639003765   6.20647751184
2.87487487487   6.2039301515
2.87341120149   6.20147250684
2.87043042371   6.19646750183
2.86697278747   6.19146249683
2.86686686687   6.19130971528
2.86350291051   6.18645749182
2.86003303354   6.18145248682
2.85885885886   6.17975883883
2.8564982451   6.17644748181
2.85293025662   6.17144247681
2.85085085085   6.16852558502
2.84930359467   6.1664374718
2.84557660956   6.1614324668
2.84284284284   6.15811050863
2.84145779908   6.15642746179
2.83734698158   6.15142245679
2.83483483483   6.14837951462
2.83322017811   6.14641745178
2.82917075377   6.14141244678
2.82682682683   6.13857472625
2.8250661161   6.13640744177
2.82098510941   6.13140243677
2.81881881882   6.12873957806
2.8169106808   6.12639743176
2.8125011423   6.12139242676
2.81081081081   6.11947383197
2.80809785012   6.11638742175
2.8036984408   6.11138241675
2.8028028028   6.11036349072
2.79923186009   6.10637741174
2.79479479479   6.10173770438
2.79443352878   6.10137240674
2.78948376167   6.09636740173
2.78678678679   6.09364605469
2.78452358107   6.09136239673
2.77951732766   6.08635739172
2.77877877878   6.08561902701
2.77453086391   6.08135238672
2.77077077077   6.07757571854
2.76955674471   6.07634738171
2.76461005063   6.07134237671
2.76276276276   6.06949012953
2.75946728743   6.0663373717
2.75475475475   6.06202020802
2.75400392043   6.0613323667
2.74855553556   6.05632736169
2.74674674675   6.05465225054
2.74315111983   6.05132235669
2.73873873874   6.04723607048
2.73773954928   6.04631735168
2.73229615542   6.04131234668
2.73073073073   6.03987299494
2.72680387741   6.03630734167
2.72272272272   6.03260157999
2.72129186628   6.03130233667
2.71577985515   6.02629733166
2.71471471471   6.025328948
2.71027477137   6.02129232666
2.70670670671   6.01803984135
2.7047614195   6.01628732165
2.69898944697   6.01128231665
2.6986986987   6.01103729972
2.69311163934   6.00627731164
2.69069069069   6.00421474421
2.68730625711   6.00127230664
2.68268268268   5.99725255598
2.6815494291   5.99626730163
2.6757926011   5.99126229663
2.67467467467   5.99028843252
2.67004721288   5.98625729162
2.66666666667   5.98330332492
2.66429137997   5.98125228662
2.65865865866   5.97655560236
2.65828471513   5.97624728161
2.65221444823   5.97124227661
2.65065065065   5.96995290748
2.6462580452   5.9662372716
2.64264264264   5.96317905943
2.64034115427   5.9612322666
2.63463463463   5.95640521137
2.63442426333   5.95622726159
2.62855717691   5.95122225659
2.62662662663   5.94955903112
2.62270545712   5.94621725158
2.61861861862   5.9428336274
2.61666676176   5.94121224658
2.61064161753   5.93620724157
2.61061061061   5.93618148455
2.60490164248   5.93120223657
2.6026026026   5.92921311043
2.59903225699   5.92619723156
2.59459459459   5.92250685496
2.59301375945   5.92119222656
2.5870750098   5.91618722155
2.58658658659   5.91577069816
2.5812060463   5.91118221655
2.57857857858   5.90894153315
2.57538578671   5.90617721154
2.57057057057   5.90200819378
2.56963984383   5.90117220654
2.56406763922   5.89616720153
2.56256256256   5.89482426174
2.55838798084   5.89116219653
2.55455455455   5.88783542427
2.55262073371   5.88615719152
2.54696296853   5.88115218652
2.54654654655   5.8807790572
2.54137725326   5.87614718151
2.53853853854   5.87360358939
2.53583195144   5.87114217651
2.53053053053   5.86632098095
2.53033628442   5.8661371715
2.52504709622   5.8611321665
2.52252252252   5.85874323582
2.51975790801   5.85612716149
2.51451451451   5.85116549069
2.5144687198   5.85112215649
2.50932034662   5.84611715148
2.50650650651   5.84334480853
2.50423316656   5.84111214648
2.4990986814   5.83610714147
2.4984984985   5.83552456922
2.49403626434   5.83110213647
2.49049049049   5.82758798955
2.48907547008   5.82609713146
2.48432190359   5.82109212646
2.48248248248   5.8191587178
2.47955723516   5.81608712145
2.47496365072   5.81108211645
2.47447447447   5.81054208304
2.47042998755   5.80607711144
2.46646646647   5.8017027053
2.46589468844   5.80107210644
2.46135359324   5.79606710143
2.45845845846   5.7928762051
2.4568472051   5.79106209643
2.45240186438   5.78605709142
2.45045045045   5.78385999628
2.44812438791   5.78105208642
2.44414855458   5.77604708141
2.44244244244   5.77387788685
2.44021202443   5.77104207641
2.43627549427   5.7660370714
2.43443443443   5.7636963009
2.43234577273   5.7610320664
2.42844129182   5.75602706139
2.42642642643   5.75344385775
2.42453745272   5.75102205639
2.42063361361   5.74601705138
2.41841841842   5.74305997304
2.41691743562   5.74101204638
2.41327882714   5.73600704137
2.41041041041   5.73205951183
2.40969725492   5.73100203637
2.40632190778   5.72599703136
2.40294656063   5.72099202636
2.4024024024   5.72018129601
2.39959976495   5.71598702135
2.39626528944   5.71098201635
2.39439439439   5.70805655282
2.39306448417   5.70597701134
2.38987040915   5.70097200634
2.38667633413   5.69596700133
2.38638638639   5.69551266325
2.38348225911   5.69096199633
2.38028809529   5.68595699132
2.37837837838   5.68296448845
2.37711861632   5.68095198632
2.37398895119   5.67594698131
2.37095340767   5.67094197631
2.37037037037   5.66998330967
2.36810316553   5.6659369713
2.36529880995   5.6609319663
2.36249445436   5.65592696129
2.36236236236   5.65569121333
2.35969009878   5.65092195629
2.3568857432   5.64591695128
2.35435435435   5.64139714381
2.35408261189   5.64091194628
2.35129161485   5.63590694127
2.34850061781   5.63090193627
2.34634634635   5.62703875072
2.34570962077   5.62589693126
2.34291862372   5.62089192626
2.34013664478   5.61588692125
2.33833833834   5.6126572746
2.33736928334   5.61088191625
2.33463826858   5.60587691124
2.33186820624   5.60087190624
2.33033033033   5.59809324075
2.32919418271   5.59586690123
2.32664002397   5.59086189623
2.32408586524   5.58585689122
2.32232232232   5.58240113845
2.32151885905   5.58085188622
2.31882619864   5.57584688121
2.3161039229   5.57084187621
2.31431431431   5.56760811421
2.31333408395   5.5658368712
2.310564245   5.5608318662
2.3078011174   5.55582686119
2.30630630631   5.55313791544
2.3050245671   5.55082185619
2.30231912385   5.54581685118
2.29958962046   5.54081184618
2.2982982983   5.53847742547
2.29683487628   5.53580684117
2.29391131371   5.53080183617
2.29098775115   5.52579683116
2.29029029029   5.52460281017
2.28818020644   5.52079182616
2.28540901133   5.51578682115
2.28263781623   5.51078181615
2.28228228228   5.51013969276
2.27986662113   5.50577681114
2.27705030761   5.50077180614
2.27427427427   5.49596893955
2.27415743926   5.49576680113
2.27126457091   5.49076179613
2.26823363322   5.48575679112
2.26626626627   5.48267940705
2.2650115617   5.48075178612
2.26175376213   5.47574678111
2.25849596257   5.47074177611
2.25825825826   5.47036971994
2.25529140283   5.4657367711
2.25192742691   5.4607317661
2.25025025025   5.45833545349
2.24864459218   5.45572676109
2.24556399644   5.45072175609
2.24248340071   5.44571675108
2.24224224224   5.44532719051
2.2392421773   5.44071174608
2.2357175038   5.43570674107
2.23423423423   5.43355228294
2.23227173175   5.43070173607
2.22890164623   5.42569673106
2.22622622623   5.42172339258
2.22549227591   5.42069172606
2.22159226897   5.41568672105
2.21821821822   5.41139410446
2.21766826918   5.41068171605
2.21380450945   5.40567671104
2.21021021021   5.40102075753
2.20996437679   5.40067170604
2.20609028727   5.39566670103
2.2022022022   5.39106014421
2.20187268008   5.39066169603
2.19790732344   5.38565669102
2.19419419419   5.38111644404
2.19382202758   5.38065168602
2.18978666256   5.37564668101
2.18618618619   5.37116440349
2.18576837825   5.37064167601
2.18174592783   5.365636671
2.17817817818   5.36130050653
2.1776089324   5.360631666
2.17288032158   5.35562666099
2.17017017017   5.35293454018
2.16818942329   5.35062165599
2.16390315244   5.34561665098
2.16216216216   5.34358372648
2.15950834611   5.34061164598
2.15448750362   5.33560664097
2.15415415415   5.33529400173
2.14915095105   5.33060163597
2.14614614615   5.3275971153
2.14414547256   5.32559663096
2.13902117426   5.32059162596
2.13813813814   5.31981948649
2.13289784084   5.31558662095
2.13013013013   5.3133509945
2.12687894599   5.31058161595
2.12212212212   5.30652972426
2.1210031899   5.30557661094
2.1151274338   5.30057160594
2.11411411411   5.29970845403
2.10925167771   5.29556660093
2.10610610611   5.2931793845
2.10265671574   5.29056159593
2.0980980981   5.28719971276
2.09587448126   5.28555659092
2.09009009009   5.28128226664
2.0891409331   5.28055158592
2.08263941288   5.27554658091
2.08208208208   5.27511753611
2.07566064823   5.27054157591
2.07407407407   5.26954463551
2.06712534986   5.2655365709
2.06606606607   5.26492556984
2.05844824436   5.2605315659
2.05805805806   5.26030590581
2.05005005005   5.25569155174
2.0497382262   5.25552656089
2.04204204204   5.25168634095
2.03982406323   5.25052155589
2.03403403403   5.24760312898
2.03009091951   5.24551655088
2.02602602603   5.24337990875
2.02061208577   5.24051154588
2.01801801802   5.23913718131
2.01116606342   5.23550654087
2.01001001001   5.23489398365
2.002002002   5.23071038641
2.0015281457   5.23050153587
1.99399399399   5.22738813056
1.98941649841   5.22549653086
1.98598598599   5.22402358807
1.97797797798   5.22058522778
1.97775974438   5.22049152586
1.96996996997   5.21713688534
1.96580347877   5.21548652085
1.96196196196   5.21396488007
1.95395395395   5.21078018456
1.95324888812   5.21048151585
1.94594594595   5.2074261403
1.94137031339   5.20547651084
1.93793793794   5.20401401135
1.92992992993   5.20060188239
1.9296464907   5.20047150584
1.92192192192   5.1969780529
1.91823209843   5.19546650083
1.91391391391   5.19375566762
1.90590590591   5.19058295324
1.90559934446   5.19046149583
1.8978978979   5.18699330158
1.89427362797   5.18545649082
1.88988988989   5.18367846738
1.88281113053   5.18045148582
1.88188188188   5.18002787087
1.87387387387   5.17632748058
1.87200388863   5.17544648081
1.86586586587   5.17258436321
1.86133262353   5.17044147581
1.85785785786   5.16879893586
1.85074461947   5.1654364708
1.84984984985   5.16501350851
1.84184184184   5.1608262935
1.84106104617   5.1604314658
1.83383383383   5.15681125485
1.83106929861   5.15542646079
1.82582582583   5.15251452069
1.82205688537   5.15042145579
1.81781781782   5.14806730782
1.81304447213   5.14541645078
1.80980980981   5.14362009495
1.80445147126   5.14041144578
1.8018018018   5.1388247861
1.79613668773   5.13540644077
1.79379379379   5.13399273216
1.78784205346   5.13040143577
1.78578578579   5.12916067823
1.77954741919   5.12539643076
1.77777777778   5.12431202121
1.77137978168   5.12039142576
1.76976976977   5.11933014168
1.76410261479   5.11538642075
1.76176176176   5.11376273349
1.75699309628   5.11038141575
1.75375375375   5.10811217493
1.7498899906   5.10537641074
1.74574574575   5.10247699005
1.74276783619   5.10037140574
1.73773773774   5.09683213057
1.73566359466   5.09536640073
1.72972972973   5.09117313027
1.72865327099   5.09036139573
1.72192895682   5.08535639072
1.72172172172   5.08519636819
1.71559576179   5.08035138572
1.71371371371   5.07886386758
1.70926561409   5.07534638071
1.70570570571   5.07253126144
1.70293644735   5.07034137571
1.6976976977   5.06619865529
1.69660728062   5.0653363707
1.69027811388   5.0603313657
1.68968968969   5.05986604915
1.68407832393   5.05532636069
1.68168168168   5.05335613666
1.67800536683   5.05032135569
1.67367367367   5.04658917433
1.67219639244   5.04531635068
1.66638741805   5.04031134568
1.66566566567   5.03968948473
1.66057844366   5.03530634067
1.65765765766   5.03278979514
1.65476946927   5.03030133567
1.64964964965   5.02589010555
1.64899905104   5.02529633066
1.64338605322   5.02029132566
1.64164164164   5.01878319661
1.63748650973   5.01528632065
1.63363363363   5.0118701735
1.63184165216   5.01028131565
1.62619679458   5.00527631064
1.62562562563   5.00476988449
1.620551937   5.00027130564
1.61761761762   4.99766959549
1.61490707943   4.99526630063
1.60960960961   4.99056930649
1.60926071829   4.99026129563
1.60359142859   4.98525629062
1.6016016016   4.98344432678
1.59809142697   4.98025128562
1.59359359359   4.97597205731
1.59283074048   4.97524628061
1.58757005399   4.97024127561
1.58558558559   4.96840940267
1.58185913867   4.9652362706
1.57757757758   4.96177472011
1.57566849238   4.9602312656
1.56956956957   4.95530041706
1.56948765472   4.95522626059
1.56376910425   4.95022125559
1.56156156156   4.94837014596
1.5577325968   4.94521625058
1.55355355355   4.94163333815
1.5518948509   4.94021124558
1.54605789002   4.93520624057
1.54554554555   4.93476765389
1.54021935909   4.93020123557
1.53753753754   4.92790196963
1.53438161319   4.92519623056
1.52952952953   4.92103628537
1.52858864832   4.92019122556
1.52275862299   4.91518622055
1.52152152152   4.91417281925
1.51647165886   4.91018121555
1.51351351351   4.90778038301
1.51030482629   4.90517621054
1.50550550551   4.90128107892
1.50413799372   4.90017120554
1.49797116115   4.89516620053
1.4974974975   4.89478177483
1.49180432858   4.89016119553
1.48948948949   4.88828247073
1.48580651941   4.88515619052
1.48148148148   4.88169210763
1.47939508908   4.88015118552
1.47347347347   4.87572576046
1.47269794353   4.87514618051
1.46616859765   4.87014117551
1.46546546547   4.86960219654
1.45963925176   4.8651361705
1.45745745746   4.86346373783
1.45310990588   4.8601311655
1.44944944945   4.85732527911
1.44670616417   4.85512616049
1.44144144144   4.85090576466
1.44039717477   4.85012115549
1.43343343343   4.84534150397
1.43309704415   4.84511615048
1.42600254788   4.84011114548
1.42542542543   4.83969437586
1.41907185849   4.83510614047
1.41741741742   4.83391138402
1.41214116911   4.83010113547
1.40940940941   4.82812839218
1.40540674428   4.82509613046
1.4014014014   4.82206184018
1.39882777858   4.82009112546
1.39339339339   4.81627765818
1.39151929409   4.81508612045
1.38538538539   4.81118622911
1.38364721738   4.81008111545
1.37737737738   4.80589379149
1.37615303233   4.80507611044
1.36936936937   4.80047501397
1.36875451872   4.80007110544
1.36136136136   4.79521438234
1.3611321903   4.79506610043
1.35339690853   4.79006109543
1.35335335335   4.79003291366
1.34566162676   4.78505609042
1.34534534535   4.78485144499
1.33792634499   4.78005108542
1.33733733734   4.77966997632
1.33019106322   4.77504608041
1.32932932933   4.77447064827
1.32224436509   4.77004107541
1.32132132132   4.76949193741
1.31425754626   4.7650360704
1.31331331331   4.76446022646
1.30628972763   4.7600310654
1.30530530531   4.7594302325
1.29831934736   4.75502606039
1.2972972973   4.7543903082
1.29036593343   4.75002105539
1.28928928929   4.74934238225
1.2827263315   4.74501605038
1.28128128128   4.74412347729
1.27399267658   4.74001104538
1.27327327327   4.73958305603
1.26557981025   4.73500604037
1.26526526527   4.73481751355
1.25725725726   4.73001780478
1.25722927856   4.73000103537
1.24924924925   4.72521809601
1.24889568827   4.72499603036
1.24124124124   4.72018840225
1.24093544542   4.71999102536
1.23323323323   4.71511014031
1.23301206562   4.71498602035
1.22522522523   4.71088586401
1.22350677561   4.70998101535
1.21721721722   4.70666925199
1.21400148559   4.70497601034
1.20920920921   4.70228384025
1.20528286445   4.69997100534
1.2012012012   4.69756272286
1.19693038622   4.69496600033
1.19319319319   4.69269372833
1.18869868254   4.68996099533
1.18518518519   4.68793638566
1.17929154041   4.68495599032
1.17717717718   4.68391739526
1.16916916917   4.67998378659
1.16910541113   4.67995098532
1.16116116116   4.67586394732
1.15943274944   4.67494598031
1.15315315315   4.6716108362
1.15000904546   4.66994097531
1.14514514515   4.66735734602
1.14058670087   4.6649359703
1.13713713714   4.66310361493
1.13116435628   4.6599309653
1.12912912913   4.65884988383
1.12220104235   4.65492596029
1.12112112112   4.65431431548
1.11372137885   4.64992095529
1.11311311311   4.64957021753
1.10510510511   4.64562685571
1.10352896088   4.64491595028
1.0970970971   4.64201491698
1.09243239388   4.63991094528
1.08908908909   4.63838363274
1.08169581726   4.63490594027
1.08108108108   4.63460246389
1.07307307307   4.6305964363
1.07168592685   4.62990093527
1.06506506507   4.62658130236
1.06170366456   4.62489593026
1.05705705706   4.62256616842
1.05172140227   4.61989092526
1.04904904905   4.61855103447
1.04201136024   4.61488592025
1.04104104104   4.61438059374
1.03303303303   4.61018503271
1.03236122767   4.60988091525
1.02502502503   4.60674818693
1.02064053976   4.60487591024
1.01701701702   4.60330038867
1.00912959015   4.59987090524
1.00900900901   4.59981391367
1.001001001   4.59589451581
0.998968407689   4.59486590023
0.992992992993   4.59184197772
0.989078279761   4.58986089523
0.984984984985   4.58778943963
0.978400855318   4.58485589022
0.976976976977   4.58427322039
0.968968968969   4.58111464632
0.965865990296   4.57985088522
0.960960960961   4.57785319656
0.953818654259   4.57484588021
0.952952952953   4.57448137085
0.944944944945   4.57110954513
0.941931883259   4.56984087521
0.936936936937   4.56767584832
0.930384806636   4.5648358702
0.928928928929   4.56417630883
0.920920920921   4.56097372566
0.918156214237   4.5598308652
0.912912912913   4.5577321953
0.90599455685   4.55482586019
0.904904904905   4.55437696158
0.896896896897   4.55098113591
0.89416073248   4.54982085519
0.888888888889   4.54758531025
0.88251096337   4.54481585018
0.880880880881   4.54410802624
0.872872872873   4.54063925959
0.870600723369   4.53981084518
0.864864864865   4.53783081625
0.856856856857   4.53506643713
0.856101945015   4.53480584017
0.848848848849   4.53219550153
0.842326405055   4.52980083517
0.840840840841   4.52920253605
0.832832832833   4.52589019004
0.83018708187   4.52479583016
0.824824824825   4.52257784402
0.817961592114   4.51979082516
0.816816816817   4.51936880035
0.808808808809   4.51699854687
0.802268120978   4.51478582015
0.800800800801   4.51428942304
0.792792792793   4.51107623123
0.789245127698   4.50978081515
0.784784784785   4.50827455246
0.776776776777   4.50582218973
0.773359902085   4.50477581014
0.768768768769   4.503369827
0.760760760761   4.50092422921
0.756966937468   4.49977080514
0.752752752753   4.49841191813
0.744744744745   4.49582969198
0.741445399957   4.49476580013
0.736736736737   4.49309192009
0.728728728729   4.49046175128
0.726157123156   4.48976079513
0.720720720721   4.48834324433
0.712712712713   4.48601565534
0.708680015327   4.48475579012
0.704704704705   4.48354482044
0.696696696697   4.48096987075
0.692920875675   4.47975078512
0.688688688689   4.47838435426
0.680680680681   4.47575699151
0.677690336054   4.47474578011
0.672672672673   4.47309169417
0.664664664665   4.47093564039
0.6598409223   4.46974077511
0.656656656657   4.46895201647
0.648648648649   4.46696839254
0.640640640641   4.46482074169
0.640312940543   4.4647357701
0.632632632633   4.46266678404
0.624624624625   4.46054026827
0.621576207109   4.4597307651
0.616616616617   4.45823027021
0.608608608609   4.45594370807
0.603383571013   4.45472576009
0.600600600601   4.45409879485
0.592592592593   4.45221786627
0.584584584585   4.45016639785
0.582935939485   4.44972075509
0.576576576577   4.44800176532
0.568568568569   4.4458371328
0.564443452671   4.44471575008
0.560560560561   4.44366021414
0.552552552553   4.44145192172
0.545540833865   4.43971074508
0.544544544545   4.43947826674
0.536536536537   4.43781997723
0.528528528529   4.43616168772
0.521536672863   4.43470574007
0.520520520521   4.43449414179
0.512512512513   4.43280042842
0.504504504505   4.43110671504
0.497856922314   4.42970073507
0.496496496496   4.4293841082
0.488488488488   4.4275203164
0.48048048048   4.42579636118
0.475238571825   4.42469573006
0.472472472472   4.42407569964
0.464464464464   4.42222052941
0.456456456456   4.42036535917
0.45354433803   4.41969072506
0.448448448448   4.41851018894
0.44044044044   4.41668836654
0.432432432432   4.41498401887
0.431030852575   4.41468572005
0.424424424424   4.41327967121
0.416416416416   4.41171105645
0.408408408408   4.41035415625
0.40441498566   4.40968071505
0.4004004004   4.40900370505
0.392392392392   4.40767888858
0.384384384384   4.40635407212
0.376376376376   4.40500377132
0.374871099751   4.40467571004
0.368368368368   4.40327170249
0.36036036036   4.40155014859
0.352352352352   4.40007348988
0.35016802622   4.39967070504
0.344344344344   4.39859683116
0.336336336336   4.39712017245
0.328328328328   4.39563455193
0.323443501069   4.39466570003
0.32032032032   4.39400191797
0.312312312312   4.39248631125
0.304304304304   4.39101453832
0.296937958765   4.38966069503
0.296296296296   4.38952990565
0.288288288288   4.38793865051
0.28028028028   4.38660456946
0.272272272272   4.38501143299
0.270484106253   4.38465569002
0.264264264264   4.38341829651
0.256256256256   4.38182664212
0.248248248248   4.38055986384
0.241981376832   4.37965068502
0.24024024024   4.37939808617
0.232232232232   4.37819406114
0.224224224224   4.37695165282
0.216216216216   4.37555770771
0.211292606186   4.37464568001
0.208208208208   4.3740743398
0.2002002002   4.37258500159
0.192192192192   4.37104222938
0.184184184184   4.36964432868
0.184158967499   4.36964067501
0.176176176176   4.3685077401
0.168168168168   4.36737122639
0.16016016016   4.36623047474
0.152152152152   4.36504125149
0.149421041932   4.36463567
0.144144144144   4.36385202823
0.136136136136   4.36266280498
0.128128128128   4.36147101984
0.12012012012   4.36017570466
0.116449088802   4.359630665
0.112112112112   4.35888674252
0.104104104104   4.35751312732
0.0960960960961   4.35613951212
0.0880880880881   4.35476589691
0.087149441563   4.35462565999
0.0800800800801   4.35354127875
0.0720720720721   4.35231537356
0.0640640640641   4.3509358539
0.0565782091414   4.34962065499
0.0560560560561   4.34952891728
0.048048048048   4.34812198065
0.04004004004   4.3467207371
0.032032032032   4.34559703162
0.0252181302232   4.34461564998
0.024024024024   4.34444468033
0.016016016016   4.34304437536
0.00800800800801   4.34163664058
0.0   4.3402289058
