ion_paramter	temperature
8.0   8.17875540512
7.99199199199   8.17875529059
7.98398398398   8.17875517592
7.97597597598   8.17875506109
7.96796796797   8.17875494626
7.95995995996   8.17875483143
7.95195195195   8.17875470569
7.94394394394   8.17875457973
7.93593593594   8.17875445377
7.92792792793   8.17875432796
7.91991991992   8.17875420232
7.91191191191   8.178754065
7.9039039039   8.17875392702
7.8958958959   8.17875378884
7.88788788789   8.17875365066
7.87987987988   8.17875351247
7.87187187187   8.1787533617
7.86386386386   8.17875321012
7.85585585586   8.17875305854
7.84784784785   8.17875290713
7.83983983984   8.17875275594
7.83183183183   8.17875259127
7.82382382382   8.17875242525
7.81581581582   8.17875225897
7.80780780781   8.17875209268
7.7997997998   8.1787519264
7.79179179179   8.17875174561
7.78378378378   8.1787515632
7.77577577578   8.17875138079
7.76776776777   8.17875119857
7.75975975976   8.17875101664
7.75175175175   8.17875081872
7.74374374374   8.17875061862
7.73573573574   8.17875041852
7.72772772773   8.17875021862
7.71971971972   8.17875001904
7.71171171171   8.17874980234
7.7037037037   8.17874958283
7.6956956957   8.17874936332
7.68768768769   8.17874914401
7.67967967968   8.17874892508
7.67167167167   8.17874868833
7.66366366366   8.17874844796
7.65565565566   8.17874820716
7.64764764765   8.17874796637
7.63963963964   8.17874772557
7.63163163163   8.17874746564
7.62362362362   8.17874720149
7.61561561562   8.17874693734
7.60760760761   8.1787466734
7.5995995996   8.17874640995
7.59159159159   8.17874612607
7.58358358358   8.17874583685
7.57557557558   8.17874554708
7.56756756757   8.17874525731
7.55955955956   8.17874496754
7.55155155155   8.17874465588
7.54354354354   8.178744338
7.53553553554   8.17874402013
7.52752752753   8.17874370248
7.51951951952   8.17874338545
7.51151151151   8.17874304438
7.5035035035   8.17874269568
7.4954954955   8.17874234698
7.48748748749   8.17874199851
7.47947947948   8.17874165072
7.47147147147   8.17874127802
7.46346346346   8.17874089627
7.45545545546   8.17874051376
7.44744744745   8.17874013123
7.43943943944   8.17873974871
7.43143143143   8.17873933953
7.42342342342   8.17873891991
7.41541541542   8.17873850029
7.40740740741   8.17873808091
7.3993993994   8.17873766239
7.39139139139   8.17873721468
7.38338338338   8.17873675436
7.37537537538   8.17873629404
7.36736736737   8.17873583396
7.35935935936   8.17873537485
7.35135135135   8.17873488464
7.34334334334   8.17873437968
7.33533533534   8.17873387472
7.32732732733   8.17873336998
7.31931931932   8.17873286635
7.31131131131   8.17873233057
7.3033033033   8.17873177787
7.2952952953   8.17873122395
7.28728728729   8.17873067001
7.27927927928   8.17873011608
7.27127127127   8.17872952786
7.26326326326   8.1787289202
7.25525525526   8.17872831255
7.24724724725   8.1787277051
7.23923923924   8.17872709904
7.23123123123   8.17872645666
7.22322322322   8.17872579162
7.21521521522   8.17872512505
7.20720720721   8.17872445846
7.1991991992   8.17872379187
7.19119119119   8.17872308777
7.18318318318   8.17872235827
7.17517517518   8.17872162705
7.16716716717   8.17872089581
7.15915915916   8.17872016458
7.15115115115   8.17871939358
7.14314314314   8.17871859337
7.13513513514   8.17871779124
7.12712712713   8.17871698908
7.11911911912   8.17871618692
7.11111111111   8.17871534137
7.1031031031   8.17871446142
7.0950950951   8.17871358147
7.08708708709   8.17871270163
7.07907907908   8.17871182399
7.07107107107   8.17871089923
7.06306306306   8.17870993393
7.05505505506   8.17870896864
7.04704704705   8.17870800342
7.03903903904   8.17870704067
7.03103103103   8.17870602815
7.02302302302   8.17870496924
7.01501501502   8.17870391033
7.00700700701   8.17870285146
6.998998999   8.17870179532
6.99099099099   8.17870068824
6.98298298298   8.17869952968
6.97497497497   8.17869836812
6.96696696697   8.17869720652
6.95895895896   8.17869604491
6.95095095095   8.17869482952
6.94294294294   8.17869355526
6.93493493493   8.178692281
6.92692692693   8.17869100678
6.91891891892   8.17868973572
6.91091091091   8.17868840845
6.9029029029   8.17868701429
6.89489489489   8.17868561664
6.88688688689   8.1786842188
6.87887887888   8.17868282095
6.87087087087   8.17868136384
6.86286286286   8.17867983043
6.85485485485   8.17867829702
6.84684684685   8.17867676365
6.83883883884   8.17867523394
6.83083083083   8.17867364086
6.82282282282   8.17867195874
6.81481481481   8.17867027661
6.80680680681   8.17866859453
6.7987987988   8.17866691638
6.79079079079   8.1786651741
6.78278278278   8.17866333371
6.77477477477   8.17866148899
6.76676676677   8.17865964374
6.75875875876   8.17865779848
6.75075075075   8.17865588577
6.74274274274   8.17865386156
6.73473473473   8.17865183734
6.72672672673   8.17864981317
6.71871871872   8.17864779353
6.71071071071   8.1786457048
6.7027027027   8.17864349014
6.69469469469   8.17864127049
6.68668668669   8.17863904997
6.67867867868   8.17863682944
6.67067067067   8.17863453641
6.66266266266   8.17863210054
6.65465465465   8.17862966467
6.64664664665   8.17862722883
6.63863863864   8.17862479822
6.63063063063   8.17862229195
6.62262262262   8.17861961985
6.61461461461   8.17861694775
6.60660660661   8.17861427568
6.5985985986   8.1786116092
6.59059059059   8.17860886524
6.58258258258   8.178605934
6.57457457457   8.17860300276
6.56656656657   8.17860007154
6.55855855856   8.17859714632
6.55055055055   8.17859414446
6.54254254254   8.17859093744
6.53453453453   8.17858772387
6.52652652653   8.17858450836
6.51851851852   8.17858129285
6.51051051051   8.17857799743
6.5025025025   8.17857447009
6.49449449449   8.17857094275
6.48648648649   8.17856741542
6.47847847848   8.17856389495
6.47047047047   8.17856029634
6.46246246246   8.17855643716
6.45445445445   8.17855257046
6.44644644645   8.17854870105
6.43843843844   8.17854483163
6.43043043043   8.17854088356
6.42242242242   8.17853665013
6.41441441441   8.17853240867
6.40640640641   8.17852816401
6.3983983984   8.17852391935
6.39039039039   8.17851959403
6.38238238238   8.17851493775
6.37437437437   8.17851028146
6.36636636637   8.17850562518
6.35835835836   8.1785009772
6.35035035035   8.17849625165
6.34234234234   8.17849114382
6.33433433433   8.178486036
6.32632632633   8.17848092818
6.31831831832   8.17847582917
6.31031031031   8.17847065792
6.3023023023   8.17846506962
6.29429429429   8.17845947151
6.28628628629   8.17845386835
6.28001992199   8.17844948382
6.27827827828   8.1784482652
6.27027027027   8.17844258834
6.26226226226   8.17843644184
6.25425425425   8.17843029534
6.24624624625   8.17842414883
6.23823823824   8.17841801225
6.23023023023   8.17841181333
6.22222222222   8.17840508869
6.21421421421   8.17839835288
6.20620620621   8.17839161034
6.1981981982   8.1783848678
6.19019019019   8.17837806284
6.18218218218   8.17837066649
6.17417417417   8.17836327013
6.16616616617   8.17835587378
6.15815815816   8.1783484885
6.15015015015   8.17834105784
6.14214214214   8.17833296585
6.13413413413   8.17832486116
6.12612612613   8.17831674758
6.11811811812   8.178308634
6.11011011011   8.17830047824
6.1021021021   8.17829160162
6.09409409409   8.17828271146
6.08608608609   8.17827381113
6.07807807808   8.1782649108
6.07007007007   8.17825598013
6.06206206206   8.1782462168
6.05405405405   8.17823645347
6.04604604605   8.17822669013
6.03803803804   8.17821693967
6.03003003003   8.17820718766
6.02202202202   8.17819647765
6.01401401401   8.17818576765
6.00600600601   8.17817505764
5.997997998   8.1781643611
5.98998998999   8.17815367964
5.98198198198   8.17814196778
5.97397397397   8.17813023435
5.96596596597   8.17811848586
5.95795795796   8.17810673737
5.94994994995   8.17809498888
5.94194194194   8.17808216358
5.93393393393   8.17806929308
5.92592592593   8.17805640548
5.91791791792   8.17804351787
5.90990990991   8.17803063026
5.9019019019   8.17801654966
5.89389389389   8.17800241257
5.88588588589   8.17798827547
5.87787787788   8.17797415347
5.86986986987   8.17796005424
5.86186186186   8.17794467748
5.85385385385   8.17792919167
5.84584584585   8.17791368391
5.83783783784   8.17789817614
5.82982982983   8.17788266837
5.82182182182   8.17786578558
5.81381381381   8.17784877438
5.80580580581   8.17783176319
5.7977977978   8.17781476793
5.78978978979   8.17779780246
5.78178178178   8.17777932094
5.77377377377   8.17776066057
5.76576576577   8.1777420002
5.75775775776   8.17772335603
5.74974974975   8.17770474592
5.74174174174   8.17768455858
5.73373373373   8.17766412075
5.72572572573   8.17764365132
5.71771771772   8.17762318189
5.70970970971   8.17760271247
5.7017017017   8.17758059998
5.69369369369   8.17755818184
5.68568568569   8.17753572813
5.67767767768   8.17751327443
5.66966966967   8.17749082072
5.66166166166   8.17746655153
5.65365365365   8.1774419214
5.64564564565   8.17741729128
5.63763763764   8.17739267746
5.62962962963   8.177368114
5.62162162162   8.17734155277
5.61361361361   8.17731453529
5.60560560561   8.17728751781
5.5975975976   8.17726051654
5.58958958959   8.17723357202
5.58158158158   8.17720449055
5.57357357357   8.17717485443
5.56556556557   8.17714521831
5.55755755756   8.17711559816
5.54954954955   8.17708604181
5.54154154154   8.17705427044
5.53353353353   8.17702181822
5.52552552553   8.17698930967
5.51751751752   8.17695680113
5.50950950951   8.17692429258
5.5015015015   8.17688940945
5.49349349349   8.1768537507
5.48548548549   8.17681809196
5.47747747748   8.17678244819
5.46946946947   8.17674688448
5.46146146146   8.17670879625
5.45345345345   8.17666975206
5.44544544545   8.17663063757
5.43743743744   8.17659152307
5.42942942943   8.17655240857
5.42142142142   8.17651058996
5.41341341341   8.17646768576
5.40540540541   8.17642478156
5.3973973974   8.17638189055
5.38938938939   8.17633909886
5.38138138138   8.17629334852
5.37337337337   8.17624628748
5.36536536537   8.17619922645
5.35735735736   8.17615217739
5.34934934935   8.17610523836
5.34134134134   8.17605524826
5.33333333333   8.17600372452
5.32532532533   8.17595210381
5.31731731732   8.17590048311
5.30930930931   8.1758488624
5.3013013013   8.17579397543
5.29329329329   8.17573735501
5.28528528529   8.17568073459
5.27727727728   8.1756241231
5.26926926927   8.17556764492
5.26126126126   8.17550761088
5.25325325325   8.17544550644
5.24524524525   8.17538340201
5.23723723724   8.17532130473
5.22922922923   8.17525935301
5.22122122122   8.17519375005
5.21321321321   8.17512576198
5.20520520521   8.17505764232
5.1971971972   8.17498952267
5.18918918919   8.17492140302
5.18118118118   8.17484950125
5.17317317317   8.17477493062
5.16516516517   8.17470021492
5.15715715716   8.17462549922
5.14914914915   8.17455078352
5.14114114114   8.17447206217
5.13313313313   8.17439027233
5.12512512513   8.17430832298
5.11711711712   8.17422637363
5.10910910911   8.17414442428
5.1011011011   8.17405809111
5.09309309309   8.17396821061
5.08508508509   8.1738783301
5.07707707708   8.1737884501
5.06906906907   8.17369876059
5.06106106106   8.17360452721
5.05305305305   8.17350613763
5.04804432301   8.17344447881
5.04504504505   8.17340755689
5.03703703704   8.17330897615
5.02902902903   8.17321039541
5.02102102102   8.17310709404
5.01301301301   8.17299918211
5.00500500501   8.17289106193
4.996996997   8.17278294175
4.98898898899   8.17267482157
4.98098098098   8.17256155189
4.97297297297   8.17244297552
4.96496496496   8.17232439915
4.95695695696   8.17220582278
4.94894894895   8.17208744824
4.94094094094   8.17196383562
4.93293293293   8.17183403129
4.92492492492   8.17170398366
4.91691691692   8.17157393602
4.90890890891   8.17144388838
4.9009009009   8.17130815599
4.89289289289   8.17116553806
4.88488488488   8.17102292012
4.87687687688   8.17088030219
4.86886886887   8.17073787686
4.86086086086   8.17058977057
4.85285285285   8.17043363977
4.84484484484   8.17027723141
4.83683683684   8.17012082306
4.82882882883   8.16996441471
4.82082082082   8.16980178136
4.81281281281   8.16963026563
4.8048048048   8.16945874991
4.7967967968   8.16928723418
4.78878878879   8.16911587666
4.78078078078   8.16893820238
4.77277277277   8.1687501189
4.76476476476   8.16856203542
4.75954647361   8.16843947381
4.75675675676   8.16837395193
4.74874874875   8.16818599843
4.74074074074   8.16799180493
4.73273273273   8.16778586312
4.72472472472   8.16757960948
4.71671671672   8.16737335585
4.70870870871   8.16716710221
4.7007007007   8.16695385021
4.69269269269   8.16672770015
4.68468468468   8.16650155008
4.67667667668   8.16627540002
4.66866866867   8.16604932315
4.66066066066   8.16581668857
4.65265265265   8.16556901136
4.64464464464   8.16532103044
4.63663663664   8.16507304952
4.62862862863   8.16482506861
4.62062062062   8.16456964293
4.61261261261   8.16429776638
4.6046046046   8.16402588982
4.5965965966   8.16375401327
4.58858858859   8.16348213802
4.58722034765   8.1634344688
4.58058058058   8.16320313235
4.57257257257   8.16290505653
4.56456456456   8.16260698071
4.55655655656   8.1623089049
4.54854854855   8.16201082908
4.54054054054   8.16170573502
4.53253253253   8.16137913392
4.52452452452   8.16105232628
4.51651651652   8.16072551864
4.50850850851   8.160398711
4.5005005005   8.16006400742
4.49249249249   8.15970577225
4.48448448448   8.15934753709
4.47647647648   8.15898930192
4.46846846847   8.15863106675
4.46405247524   8.1584294638
4.46046046046   8.1582584954
4.45245245245   8.1578491232
4.44444444444   8.157439751
4.43643643644   8.1570303788
4.42842842843   8.15662100659
4.42042042042   8.15620334085
4.41241241241   8.15575467315
4.4044044044   8.15530600546
4.3963963964   8.15485733776
4.38838838839   8.15440867007
4.38038038038   8.15395526279
4.37237237237   8.15346386746
4.37173015312   8.15342445879
4.36436436436   8.15293965586
4.35635635636   8.15241258321
4.34834834835   8.15188551056
4.34034034034   8.15135248782
4.33233233233   8.15077776525
4.32432432432   8.15020090693
4.31631631632   8.14962404861
4.30830830831   8.14904719028
4.3003003003   8.1484620131
4.29976107233   8.14841945379
4.29229229229   8.14782997003
4.28428428428   8.14719792697
4.27627627628   8.14656588391
4.26826826827   8.14593384084
4.26026026026   8.14530707589
4.25225225225   8.14461555858
4.24424424424   8.14392404127
4.23834298819   8.14341444878
4.23623623624   8.14323252396
4.22822822823   8.1425417908
4.22022022022   8.14186401428
4.21221221221   8.14112686405
4.2042042042   8.14037162154
4.1961961962   8.13961637903
4.18818818819   8.13886113652
4.18343968574   8.13840944378
4.18018018018   8.13809938918
4.17217217217   8.13727221884
4.16416416416   8.13644504849
4.15615615616   8.13561787815
4.14814814815   8.13480094884
4.14014014014   8.13399552215
4.13473958638   8.13340443877
4.13213213213   8.13311905639
4.12412412412   8.13222653135
4.11611611612   8.13132386578
4.10810810811   8.1304212002
4.1001001001   8.12951573805
4.09209209209   8.12855741767
4.09078459598   8.12839943377
4.08408408408   8.12759131398
4.07607607608   8.12660499897
4.06806806807   8.12561861713
4.06006006006   8.12462942181
4.05205205205   8.12354964758
4.05090089143   8.12339442876
4.04404404404   8.12246987335
4.03603603604   8.12139666061
4.02802802803   8.12035134946
4.02002002002   8.11930503869
4.01361441037   8.11838942376
4.01201201201   8.11816037766
4.004004004   8.11701571664
3.995995996   8.11585517554
3.98798798799   8.11467852386
3.97997997998   8.11350187217
3.97922731944   8.11338441875
3.97197197197   8.11225221458
3.96396396396   8.11100181495
3.95595595596   8.10974858759
3.94794794795   8.10846539405
3.94741187347   8.10837941375
3.93993993994   8.10718099977
3.93193193193   8.10577964313
3.92392392392   8.1043843824
3.91798601392   8.10337440874
3.91591591592   8.10302235107
3.90790790791   8.10166044422
3.8998998999   8.10029853736
3.89189189189   8.09881457458
3.88949999516   8.09836940374
3.88388388388   8.09732415418
3.87587587588   8.09583373377
3.86786786787   8.09434110769
3.86274505522   8.09336439873
3.85985985986   8.09281456724
3.85185185185   8.09115832803
3.84384384384   8.08953470495
3.83803938193   8.08835939373
3.83583583584   8.08791321068
3.82782782783   8.08629171642
3.81981981982   8.08467022215
3.81383207703   8.08335438872
3.81181181181   8.08291042634
3.8038038038   8.08113687461
3.7957957958   8.07936332288
3.79121761927   8.07834938372
3.78778778779   8.07753593415
3.77977977978   8.07563668322
3.77177177177   8.07357937821
3.77086475095   8.07334437871
3.76376376376   8.07148192047
3.75575575576   8.06938156737
3.75178218809   8.06833937371
3.74774774775   8.06728121426
3.73973973974   8.06522162836
3.73286425902   8.0633343687
3.73173173173   8.06302349981
3.72372372372   8.06075090117
3.71571571572   8.05847341594
3.71520920463   8.0583293637
3.70770770771   8.05619593071
3.6996996997   8.05391844548
3.69771740113   8.05332435869
3.69169169169   8.05151847818
3.68368368368   8.04909391901
3.68117871419   8.04831935369
3.67567567568   8.04661882487
3.66766766767   8.04414106091
3.66499577549   8.04331434868
3.65965965966   8.04166329695
3.65165165165   8.03899614143
3.64961931444   8.03830934368
3.64364364364   8.03628995572
3.63563563564   8.03362943379
3.63464375918   8.03330433867
3.62762762763   8.0310047477
3.61961961962   8.02838006162
3.61939055027   8.02829933367
3.61161161161   8.02555790282
3.60529297234   8.02329432866
3.6036036036   8.02268913326
3.5955955956   8.0198203637
3.5913217839   8.01828932366
3.58758758759   8.01695159413
3.57957957958   8.01403262279
3.57763334193   8.01328431865
3.57157157157   8.01095364345
3.56470650397   8.00827931365
3.56356356356   8.0078340741
3.55555555556   8.00471450475
3.55185853821   8.00327430864
3.54754754755   8.00149849564
3.53970831187   7.99826930364
3.53953953954   7.99819130798
3.53153153153   7.99426468888
3.52953256337   7.99326429863
3.52352352352   7.99026365448
3.51952061922   7.98825929363
3.51551551552   7.98625383146
3.50952513564   7.98325428862
3.50750750751   7.98224400844
3.49952965206   7.97824928362
3.4994994995   7.97823418542
3.49149149149   7.97395018196
3.49018980134   7.97324427861
3.48348348348   7.96963637345
3.4808732978   7.96823927361
3.47547547548   7.96539202158
3.47138480591   7.9632342686
3.46746746747   7.96120927037
3.46170267472   7.9582292636
3.45945945946   7.95706967348
3.45242436221   7.95322425859
3.45145145145   7.95269246132
3.44344344344   7.9482267538
3.44343003363   7.94821925359
3.43543543544   7.94375960378
3.43446092355   7.94321424858
3.42742742743   7.93928938702
3.4254979284   7.93820924358
3.41941941942   7.93481328447
3.41669770094   7.93320423857
3.41141141141   7.92987430045
3.40880882972   7.92819923357
3.4034034034   7.92446050468
3.40157263084   7.92319422856
3.3953953954   7.9189216685
3.39432930364   7.91818922356
3.38738738739   7.9134715995
3.38696151235   7.91318421855
3.37954450476   7.90817921355
3.37937937938   7.90806778675
3.37261900999   7.90317420854
3.37137137137   7.90227617139
3.36576278342   7.89816920354
3.36336336336   7.89644501516
3.35879770377   7.89316419853
3.35535535536   7.89071662035
3.35175851246   7.88815919353
3.34734734735   7.8850460989
3.34463211677   7.88315418852
3.33933933934   7.8794771075
3.3375525639   7.87814918352
3.33133133133   7.87352558967
3.33083421183   7.87314417851
3.3242538796   7.86813917351
3.32332332332   7.86743841779
3.31758487544   7.8631341685
3.31531531532   7.86138203469
3.31110183189   7.8581291635
3.30730730731   7.85514738871
3.30473260017   7.85312415849
3.2992992993   7.84885461717
3.29841498052   7.84811915349
3.29239698125   7.84311414848
3.29129129129   7.84219457646
3.28652171247   7.83810914348
3.28328328328   7.83536867146
3.28057293542   7.83310413847
3.27527527528   7.82867951297
3.27458037955   7.82809913347
3.26903496153   7.82309412846
3.26726726727   7.82144010333
3.26368599888   7.81808912346
3.25925925926   7.81394703921
3.25837789537   7.81308411845
3.25326591881   7.80807911345
3.25125125125   7.80610660416
3.24823310529   7.80307410844
3.24325178396   7.79806910344
3.24324324324   7.79806052211
3.23827046263   7.79306409843
3.23523523524   7.79006494716
3.23320525353   7.78805909343
3.22811420948   7.78305408842
3.22722722723   7.78219446812
3.22288482524   7.77804908342
3.21921921922   7.77455901325
3.21772394769   7.77304407841
3.21278390586   7.76803907341
3.21121121121   7.7664456973
3.20793387696   7.7630340684
3.2032032032   7.7581941639
3.20304127424   7.7580290634
3.19850154722   7.75302405839
3.1951951952   7.74931901841
3.19403511541   7.74801905339
3.18956868359   7.74301404838
3.18718718719   7.74034538535
3.18510225178   7.73800904338
3.18063581997   7.73300403837
3.17917917918   7.7313717523
3.17631733422   7.72799903337
3.17201017898   7.72299402836
3.17117117117   7.72206628386
3.16759457591   7.71798902336
3.1631819986   7.71298401835
3.16316316316   7.7129625714
3.1588086257   7.70797901335
3.15515515516   7.70383625586
3.15439858086   7.70297400834
3.15000972363   7.69796900334
3.14714714715   7.69470090703
3.14563350039   7.69296399833
3.14124318473   7.68795899333
3.13913913914   7.68553368812
3.13698223508   7.68295398832
3.1327985376   7.67794898331
3.13113113113   7.67595424594
3.12868236609   7.67294397831
3.12461094029   7.6679389733
3.12312312312   7.6661099992
3.12053951449   7.6629339683
3.11646808869   7.65792896329
3.11511511512   7.65625955391
3.11241178016   7.65292395829
3.1086861488   7.64791895328
3.10710710711   7.64580051433
3.10490674014   7.64291394828
3.10096513379   7.63790894327
3.0990990991   7.63553947455
3.09714207055   7.63290393827
3.09342558304   7.62789893326
3.09109109109   7.62475506588
3.08974502792   7.62289392826
3.08601001215   7.61788892325
3.08308308308   7.61392803871
3.08231152146   7.61288391825
3.07861303076   7.60787891324
3.07507507508   7.60309115321
3.07491164813   7.60287390824
3.071032871   7.59786890323
3.06711473182   7.59286389823
3.06706706707   7.59280301158
3.06319659265   7.58785889322
3.05929872679   7.58285388822
3.05905905906   7.58253884497
3.05559937043   7.57784888321
3.05190728085   7.57284387821
3.05105105105   7.57168317115
3.0482901327   7.5678388732
3.04469561157   7.5628338682
3.04304304304   7.56053283463
3.04110109045   7.55782886319
3.03750656933   7.55282385819
3.03503503504   7.54935558878
3.03393993708   7.54781885318
3.03045561022   7.54281384818
3.02702702703   7.53788891526
3.02697128336   7.53780884317
3.0234869565   7.53280383817
3.02000262964   7.52779883316
3.01901901902   7.52638594158
3.0166198491   7.52279382816
3.01327454061   7.51778882315
3.01101101101   7.51451092613
3.00983432935   7.51278381815
3.00650966191   7.50777881314
3.00318499448   7.50277380814
3.003003003   7.5024998354
2.99986032704   7.49776880313
2.99642938357   7.49276379813
2.99499499499   7.49073197299
2.99287458589   7.48775879312
2.98930512198   7.48275378812
2.98698698699   7.47942180623
2.98582302705   7.47774878311
2.982476062   7.47274377811
2.97912909696   7.4677387731
2.97897897898   7.46751428876
2.97590574785   7.4627337681
2.97268820351   7.45772876309
2.97097097097   7.45505754661
2.96951451351   7.45272375809
2.96628909344   7.44771875308
2.96300904494   7.44271374808
2.96296296296   7.44264190843
2.95979855421   7.43770874307
2.95658806348   7.43270373807
2.95495495495   7.43015779821
2.9533332988   7.42769873306
2.94986784516   7.42269372806
2.94694694695   7.41848068648
2.94639787936   7.41768872305
2.94292791356   7.41268371805
2.93953012844   7.40767871304
2.93893893894   7.40679131247
2.9362608519   7.40267370804
2.93300560015   7.39766870303
2.93093093093   7.39447886378
2.92978143076   7.39266369803
2.92661188324   7.38765869302
2.92344233572   7.38265368802
2.92292292292   7.38183348778
2.9202727882   7.37764868301
2.91714477366   7.37264367801
2.91491491491   7.36904418294
2.91404421262   7.367638673
2.91094365157   7.362633668
2.90784686184   7.35762866299
2.90690690691   7.35611745142
2.90474252949   7.35262365799
2.90168855374   7.34761865298
2.8988988989   7.34308645733
2.89861860011   7.34261364798
2.89564654562   7.33760864297
2.89254487268   7.33260363797
2.89089089089   7.32994209903
2.8894960756   7.32759863296
2.88651713018   7.32259362796
2.88353818477   7.31758862295
2.88288288288   7.31648763293
2.88055923935   7.31258361795
2.87758029393   7.30757861294
2.87487487487   7.3029678293
2.87464356192   7.30257360794
2.87172153594   7.29756860293
2.86879950996   7.29256359793
2.86686686687   7.28925326174
2.86587748398   7.28755859292
2.862955458   7.28255358792
2.86005600166   7.27754858291
2.85885885886   7.27547092455
2.85722822256   7.27254357791
2.85444676636   7.2675385729
2.85159802438   7.2625335679
2.85085085085   7.26122084555
2.84884165774   7.25752856289
2.84611813343   7.25252355789
2.84339460912   7.24751855288
2.84284284284   7.24650457516
2.84067108481   7.24251354788
2.8379475605   7.23750854287
2.83534477442   7.23250353787
2.83483483483   7.23151678403
2.83275826289   7.22749853286
2.83011607232   7.22249352786
2.8273650857   7.21748852285
2.82682682683   7.21652352024
2.8245733955   7.21248351785
2.82178170529   7.20747851284
2.81899001509   7.20247350784
2.81881881882   7.20215125733
2.81641190807   7.19746850283
2.81384597935   7.19246349783
2.81128005062   7.18745849282
2.81081081081   7.18654321113
2.80880885525   7.18245348782
2.80635886123   7.17744848281
2.80379627875   7.17244347781
2.8028028028   7.17054847711
2.80116074307   7.1674384728
2.79859631209   7.1624334678
2.79603345539   7.15742846279
2.79479479479   7.155014039
2.79346745013   7.15242345779
2.79095012939   7.14741845278
2.78841627329   7.14241344778
2.78678678679   7.13913854896
2.78592683989   7.13740844277
2.78343640473   7.13240343777
2.78095487075   7.12739843276
2.77877877878   7.12300947365
2.77848289503   7.12239342776
2.7760790163   7.11738842275
2.77367513757   7.11238341775
2.77127125883   7.10737841274
2.77077077077   7.10633636965
2.76892800686   7.10237340774
2.76652276897   7.09736840273
2.76423484294   7.09236339773
2.76276276276   7.08915117055
2.76194579093   7.08735839272
2.75970905785   7.08235338772
2.75747388617   7.07734838271
2.75524488829   7.07234337771
2.75475475475   7.07124282898
2.7530158904   7.0673383727
2.75077077197   7.0623333677
2.74847173904   7.05732836269
2.74674674675   7.05357304673
2.74617270611   7.05232335769
2.74387367318   7.04731835268
2.74157464025   7.04231334768
2.73928001144   7.03730834267
2.73873873874   7.03612908739
2.73703284867   7.03230333767
2.73487351859   7.02729833266
2.73276975973   7.02229332766
2.73073073073   7.01744231996
2.73066925375   7.01728832265
2.72867121489   7.01228331765
2.72667317603   7.00727831264
2.72465367061   7.00227330764
2.72272272272   6.99770541177
2.72253503406   6.99726830263
2.72043547525   6.99226329763
2.7184203229   6.98725829262
2.71640517055   6.98225328762
2.71471471471   6.97805472668
2.71438524638   6.97724828261
2.71225422522   6.97224327761
2.71009267306   6.9672382726
2.70793112089   6.9622332676
2.70670670671   6.95936344239
2.70579572982   6.95722826259
2.7036936952   6.95222325759
2.70159166058   6.94721825258
2.69948962596   6.94221324758
2.6986986987   6.94033002697
2.69741845074   6.93720824257
2.69536589148   6.93220323757
2.69332746849   6.92719823256
2.69130333431   6.92219322756
2.69069069069   6.92068166901
2.68935988692   6.91718822255
2.6874532656   6.91218321755
2.68554664427   6.90717821254
2.68364002294   6.90217320754
2.68268268268   6.89971580652
2.6816730468   6.89716820253
2.67963320355   6.89216319753
2.67762489027   6.88715819252
2.67563949039   6.88215318752
2.67467467467   6.87972097851
2.67365409051   6.87714818251
2.67168864558   6.87214317751
2.6697313397   6.8671381725
2.66780619156   6.8621331675
2.66666666667   6.85916691125
2.66588345552   6.85712816249
2.66402072888   6.85212315749
2.66215449597   6.84711815248
2.66023168637   6.84211314748
2.65865865866   6.83807326045
2.65829418459   6.83710814247
2.65640405863   6.83210313747
2.65451393267   6.82709813246
2.65262380672   6.82209312746
2.65074940914   6.81708812245
2.65065065065   6.81682031207
2.64900673916   6.81208311745
2.64726666498   6.80707811244
2.64552815973   6.80207310744
2.64378965448   6.79706810243
2.64264264264   6.79376595538
2.64205114923   6.79206309743
2.64031264398   6.78705809242
2.63856775699   6.78205308742
2.63682115836   6.77704808241
2.63507455973   6.77204307741
2.63463463463   6.7707859411
2.63330724372   6.7670380724
2.63146941431   6.7620330674
2.62963158489   6.75702806239
2.62779375548   6.75202305739
2.62662662663   6.74900402297
2.62585887004   6.74701805238
2.62390796213   6.74201304738
2.62195705422   6.73700804237
2.62000614632   6.73200303737
2.61861861862   6.72844337008
2.61806984822   6.72699803236
2.61616953206   6.72199302736
2.61430296616   6.71698802235
2.61232217601   6.71198301735
2.61061061061   6.70767513115
2.61035157337   6.70697801234
2.60849180046   6.70197300734
2.60663202755   6.69696800233
2.60477225464   6.69196299733
2.60285471029   6.68695799232
2.6026026026   6.68631048597
2.60089675638   6.68195298732
2.59896151737   6.67694798231
2.59703125318   6.67194297731
2.59509738794   6.6669379723
2.59459459459   6.6656071249
2.59321204156   6.6619329673
2.59132490875   6.65692796229
2.5894460462   6.65192295729
2.58756360124   6.64691795228
2.58658658659   6.64438664713
2.58563180601   6.64191294728
2.58370001078   6.63690794227
2.58176821555   6.63190293727
2.57983642032   6.62689793226
2.57857857858   6.6236390443
2.57792442924   6.62189292726
2.57605730844   6.61688792225
2.57419399961   6.61188291725
2.57228623878   6.60687791224
2.57057057057   6.6024356934
2.57036807664   6.60187290724
2.56856724495   6.59686790223
2.56676641327   6.59186289723
2.56496558158   6.58685789222
2.5631647499   6.58185288722
2.56256256256   6.58020123512
2.56133994028   6.57684788221
2.55942341998   6.57184287721
2.55753088492   6.5668378722
2.55562561201   6.5618328672
2.55455455455   6.55887720832
2.55381658722   6.55682786219
2.5519982327   6.55182285719
2.55018454305   6.54681785218
2.54837494275   6.54181284718
2.54657601311   6.53680784217
2.54654654655   6.53672585993
2.54472451418   6.53180283717
2.54269531055   6.52679783216
2.54064916039   6.52179282716
2.53860301023   6.51678782215
2.53853853854   6.51663012056
2.53660191187   6.51178281715
2.53464771839   6.50677781214
2.53269126974   6.50177280714
2.53066113111   6.49676780213
2.53053053053   6.49644582583
2.52879030856   6.49176279713
2.5269304396   6.48675779212
2.52504175315   6.48175278712
2.52292861158   6.47674778211
2.52252252252   6.47583267403
2.52069454205   6.47174277711
2.51842295504   6.4667377721
2.51619329077   6.4617327671
2.51451451451   6.45798410705
2.51395996528   6.45672776209
2.51186607109   6.45172275709
2.50977673805   6.44671775208
2.50769705634   6.44171274708
2.50650650651   6.43881721522
2.50563915881   6.43670774207
2.50354946348   6.43170273707
2.50124576595   6.42669773206
2.49873392487   6.42169272706
2.4984984985   6.42122362486
2.49628628438   6.41668772205
2.4938452835   6.41168271705
2.49140428263   6.40667771204
2.49049049049   6.40486385828
2.48890598248   6.40167270704
2.48660818509   6.39666770203
2.4843103877   6.39166269703
2.48248248248   6.38768119944
2.48201259031   6.38665769202
2.47960899168   6.38165268702
2.47688508229   6.37664768201
2.47447447447   6.37249683776
2.47397841959   6.37164267701
2.47119108594   6.366637672
2.46847504017   6.361632667
2.46646646647   6.35793135918
2.4657589944   6.35662766199
2.46304294863   6.35162265699
2.46034065884   6.34661765198
2.45845845846   6.34317456803
2.4576001965   6.34161264698
2.4550290126   6.33660764197
2.45237014317   6.33160263697
2.45045045045   6.32823187271
2.44956260889   6.32659763196
2.44684351658   6.32159262696
2.44412442426   6.31658762195
2.44244244244   6.31349161548
2.44135822956   6.31158261695
2.43819225678   6.30657761194
2.43481703485   6.30157260694
2.43443443443   6.30098729817
2.43154539927   6.29656760193
2.4283054784   6.29156259693
2.42642642643   6.28865985179
2.42506555753   6.28655759192
2.42182563667   6.28155258692
2.41858840715   6.27654758191
2.41841841842   6.2762891422
2.41535139894   6.27154257691
2.41216251667   6.2665375719
2.41041041041   6.26387099572
2.40885927397   6.2615325669
2.40564889463   6.25652756189
2.40243851529   6.25152255689
2.4024024024   6.25146625662
2.39922813596   6.24651755188
2.39574232891   6.24151254688
2.39439439439   6.23969522522
2.39198299669   6.23650754187
2.38819684347   6.23150253687
2.38638638639   6.22887216467
2.38475195199   6.22649753186
2.38134280619   6.22149252686
2.37837837838   6.21714041729
2.37793520132   6.21648752185
2.37453786809   6.21148251685
2.37114053485   6.20647751184
2.37037037037   6.20534289336
2.36773156134   6.20147250684
2.36410489129   6.19646750183
2.36236236236   6.19430834758
2.36006564027   6.19146249683
2.35603616879   6.18645749182
2.35435435435   6.18439810724
2.3519729341   6.18145248682
2.34797284897   6.17644748181
2.34634634635   6.1744242309
2.34397687215   6.17144247681
2.33994656186   6.1664374718
2.33833833834   6.16441132301
2.33598832195   6.1614324668
2.33198946211   6.15642746179
2.33033033033   6.15434662628
2.32802927476   6.15142245679
2.32409079079   6.14641745178
2.32232232232   6.14417009123
2.32015230682   6.14141244678
2.31621382285   6.13640744177
2.31431431431   6.13399355617
2.31227533888   6.13140243677
2.3083560365   6.12639743176
2.30630630631   6.12367699147
2.30458498888   6.12139242676
2.30074696805   6.11638742175
2.2982982983   6.11326214206
2.29683419978   6.11138241675
2.29293585337   6.10637741174
2.29029029029   6.10298082892
2.28911767204   6.10137240674
2.28544411389   6.09636740173
2.28228228228   6.09207403184
2.28175604245   6.09136239673
2.27821100087   6.08635739172
2.27466595928   6.08135238672
2.27427427427   6.08079939308
2.27111862318   6.07634738171
2.2675624767   6.07134237671
2.26626626627   6.06952043718
2.26400168908   6.0663373717
2.26044090147   6.0613323667
2.25825825826   6.05821094002
2.25695990525   6.05632736169
2.25368660036   6.05132235669
2.25041329546   6.04631735168
2.25025025025   6.04606804949
2.24742013095   6.04131234668
2.24444165188   6.03630734167
2.24224224224   6.03261147677
2.24146317282   6.03130233667
2.23848469375   6.02629733166
2.23555051942   6.02129232666
2.23423423423   6.01897399922
2.23270880955   6.01628732165
2.22986709968   6.01128231665
2.2271079724   6.00627731164
2.22622622623   6.00463043079
2.22444759236   6.00127230664
2.22179668637   5.99626730163
2.21914578038   5.99126229663
2.21821821822   5.98945503236
2.21660072381   5.98625729162
2.21419371257   5.98125228662
2.21178670133   5.97624728161
2.21021021021   5.97296921386
2.2094703193   5.97124227661
2.2073259694   5.9662372716
2.2051816195   5.9612322666
2.20325698738   5.95622726159
2.2022022022   5.95313732576
2.20155628386   5.95122225659
2.2000080413   5.94621725158
2.1983161403   5.94121224658
2.19662117825   5.93620724157
2.19486531189   5.93120223657
2.19419419419   5.92928925075
2.19310944554   5.92619723156
2.19135357918   5.92119222656
2.18972619893   5.91618722155
2.1882112549   5.91118221655
2.18669631087   5.90617721154
2.18618618619   5.90405290603
2.18553396094   5.90117220654
2.18443715011   5.89616720153
2.18334033927   5.89116219653
2.18224352843   5.88615719152
2.18134360383   5.88115218652
2.18057324975   5.87614718151
2.17980289566   5.87114217651
2.17903254158   5.8661371715
2.1782608873   5.8611321665
2.17817817818   5.8605863564
2.17750870243   5.85612716149
2.17647121194   5.85112215649
2.17584763438   5.84611715148
2.17540518785   5.84111214648
2.17496274132   5.83610714147
2.17452029479   5.83110213647
2.17407784826   5.82609713146
2.17363448087   5.82109212646
2.17304629242   5.81608712145
2.17270049168   5.81108211645
2.17244992476   5.80607711144
2.1722607536   5.80107210644
2.17207158244   5.79606710143
2.17188241127   5.79106209643
2.17169324011   5.78605709142
2.17150406895   5.78105208642
2.17155579426   5.77604708141
2.17153815433   5.77104207641
2.1715205144   5.7660370714
2.17150287448   5.7610320664
2.17148523455   5.75602706139
2.17145874918   5.75102205639
2.17138408366   5.74601705138
2.17147278024   5.74101204638
2.17155500746   5.73600704137
2.17165872269   5.73100203637
2.17176243792   5.72599703136
2.17186615314   5.72099202636
2.17196986837   5.71598702135
2.1720735836   5.71098201635
2.17218114635   5.70597701134
2.17228890282   5.70097200634
2.1723966593   5.69596700133
2.17250441577   5.69096199633
2.17261217225   5.68595699132
2.17269048277   5.68095198632
2.17273100532   5.67594698131
2.17279046778   5.67094197631
2.17284993025   5.6659369713
2.17290939272   5.6609319663
2.17296885518   5.65592696129
2.17302831765   5.65092195629
2.17305127179   5.64591695128
2.17304738296   5.64091194628
2.17295178499   5.63590694127
2.17292136566   5.63090193627
2.17290462802   5.62589693126
2.17288789038   5.62089192626
2.17287115274   5.61588692125
2.17285441511   5.61088191625
2.1727956673   5.60587691124
2.17251871341   5.60087190624
2.17224175952   5.59586690123
2.17196480563   5.59086189623
2.17168785174   5.58585689122
2.17141089785   5.58085188622
2.17112604557   5.57584688121
2.17078022264   5.57084187621
2.17024175629   5.5658368712
2.17017017017   5.56516830265
2.169782722   5.5608318662
2.16933553915   5.55582686119
2.16888835629   5.55082185619
2.16844117344   5.54581685118
2.16799399058   5.54081184618
2.16746187283   5.53580684117
2.16673253955   5.53080183617
2.16600320626   5.52579683116
2.16527387298   5.52079182616
2.16454453969   5.51578682115
2.1638152064   5.51078181615
2.16291564109   5.50577681114
2.16216216216   5.50217278662
2.16186506603   5.50077180614
2.16066919555   5.49576680113
2.15947332508   5.49076179613
2.1582774546   5.48575679112
2.15700246032   5.48075178612
2.15546138153   5.47574678111
2.15415415415   5.47186851779
2.15377317903   5.47074177611
2.15185125818   5.4657367711
2.14963781373   5.4607317661
2.14742436928   5.45572676109
2.14614614615   5.45283646349
2.14521092483   5.45072175609
2.14305609739   5.44571675108
2.14100694943   5.44071174608
2.13907771702   5.43570674107
2.13813813814   5.43376735954
2.13665772589   5.43070173607
2.13369607872   5.42569673106
2.13073443155   5.42069172606
2.13013013013   5.41967049312
2.12787696769   5.41568672105
2.12504621103   5.41068171605
2.12217864775   5.40567671104
2.12212212212   5.40559759454
2.11811588837   5.40067170604
2.11422173927   5.39566670103
2.11411411411   5.39552368603
2.11045525033   5.39066169603
2.10668876139   5.38565669102
2.10610610611   5.38499865811
2.10168160254   5.38065168602
2.0980980981   5.37720051918
2.09648570345   5.37564668101
2.09129208456   5.37064167601
2.09009009009   5.36948333373
2.08615138487   5.365636671
2.08208208208   5.36178559314
2.08086276657   5.360631666
2.07548591196   5.35562666099
2.07407407407   5.35431246223
2.07010905735   5.35062165599
2.06606606607   5.34718077237
2.06403744202   5.34561665098
2.05805805806   5.34103880659
2.05750186404   5.34061164598
2.05098498547   5.33560664097
2.05005005005   5.33488860451
2.04484153225   5.33060163597
2.04204204204   5.32831746138
2.03867362325   5.32559663096
2.03403403403   5.32178277668
2.03258498809   5.32059162596
2.02649635294   5.31558662095
2.02602602603   5.31521491176
2.01989622505   5.31058161595
2.01801801802   5.30916388704
2.01326859929   5.30557661094
2.01001001001   5.30311537093
2.00700951868   5.30057160594
2.002002002   5.29639992231
2.00098581012   5.29556660093
1.9950247463   5.29056159593
1.99399399399   5.28969061921
1.98910160234   5.28555659092
1.98598598599   5.28292392227
1.98317845838   5.28055158592
1.97797797798   5.27615722532
1.97725531442   5.27554658091
1.97133217046   5.27054157591
1.96996996997   5.26939052837
1.96582120125   5.2655365709
1.96196196196   5.26198301641
1.9603769176   5.2605315659
1.95523403603   5.25552656089
1.95395395395   5.25426786754
1.950143982   5.25052155589
1.94594594595   5.24639743419
1.94503460165   5.24551655088
1.93976632584   5.24051154588
1.93793793794   5.23877452774
1.93449805003   5.23550654087
1.92992992993   5.23116670279
1.92929804094   5.23050153587
1.92454343353   5.22549653086
1.92192192192   5.22257268579
1.92006256815   5.22049152586
1.91561128437   5.21548652085
1.91391391391   5.21357800457
1.91115638486   5.21048151585
1.90659464218   5.20547651084
1.90590590591   5.204733255
1.90194016849   5.20047150584
1.8978978979   5.19612751089
1.89728280015   5.19546650083
1.89262543181   5.19046149583
1.88988988989   5.18731150201
1.88839395335   5.18545649082
1.88431363434   5.18045148582
1.88188188188   5.17746217982
1.88025097304   5.17544648081
1.87620140665   5.17044147581
1.87387387387   5.16756479418
1.87215184027   5.1654364708
1.86810227389   5.1604314658
1.86586586587   5.15765148772
1.86407589921   5.15542646079
1.86036374165   5.15042145579
1.85785785786   5.14714227288
1.85649370786   5.14541645078
1.85245470452   5.14041144578
1.84984984985   5.13718359238
1.84853643898   5.13540644077
1.84483747038   5.13040143577
1.84184184184   5.126348107
1.84114329572   5.12539643076
1.83750405251   5.12039142576
1.83407944116   5.11538642075
1.83383383383   5.11502747027
1.83065482981   5.11038141575
1.82718416082   5.10537641074
1.82582582583   5.10352688009
1.82343125587   5.10037140574
1.81963314717   5.09536640073
1.81781781782   5.09297422789
1.81583503847   5.09036139573
1.81208032128   5.08535639072
1.80980980981   5.0821907908
1.80859186581   5.08035138572
1.80527785093   5.07534638071
1.80196383606   5.07034137571
1.8018018018   5.07009666279
1.79867517829   5.0653363707
1.79519708124   5.0603313657
1.79379379379   5.05840586273
1.79151412446   5.05532636069
1.78787474339   5.05032135569
1.78578578579   5.04730734907
1.78440585808   5.04531635068
1.78093697277   5.04031134568
1.77777777778   5.03575317056
1.77746808745   5.03530634067
1.77399920214   5.03030133567
1.77053031683   5.02529633066
1.76976976977   5.02419899204
1.76713616483   5.02029132566
1.76383267385   5.01528632065
1.76176176176   5.01207343406
1.76061744159   5.01028131565
1.7574215991   5.00527631064
1.75422575661   5.00027130564
1.75375375375   4.99953352803
1.75086286294   4.99526630063
1.74713685664   4.99026129563
1.74574574575   4.98839266836
1.74341085034   4.98525629062
1.73973646197   4.98025128562
1.73773773774   4.97747437487
1.73613403262   4.97524628061
1.73253160326   4.97024127561
1.72972972973   4.96634851613
1.72898199566   4.9652362706
1.72561725945   4.9602312656
1.72225252325   4.95522626059
1.72172172172   4.9544883171
1.71849344141   4.95022125559
1.7146811421   4.94521625058
1.71371371371   4.9439136772
1.71096389747   4.94021124558
1.70724665285   4.93520624057
1.70570570571   4.93313146505
1.70352940822   4.93020123557
1.69986717308   4.92519623056
1.6976976977   4.9223039807
1.69614179968   4.92019122556
1.69253354634   4.91518622055
1.68968968969   4.91132852835
1.68885504719   4.91018121555
1.68494260871   4.90517621054
1.68168168168   4.90097771381
1.68106364376   4.90017120554
1.67722824243   4.89516620053
1.67367367367   4.89052766785
1.6733928411   4.89016119553
1.66955743977   4.88515619052
1.66572203844   4.88015118552
1.66566566567   4.88007501328
1.66201798566   4.87514618051
1.65839055912   4.87014117551
1.65765765766   4.86923791774
1.65406091896   4.8651361705
1.6496721319   4.8601311655
1.64964964965   4.86010552657
1.64555498952   4.85512616049
1.64164164164   4.85036728158
1.64144189802   4.85012115549
1.63738008647   4.84511615048
1.63363363363   4.84034259545
1.63345198361   4.84011114548
1.62958204418   4.83510614047
1.62571210476   4.83010113547
1.62562562563   4.82999694523
1.6212344535   4.82509613046
1.61761761762   4.82119384409
1.61659556236   4.82009112546
1.61195667123   4.81508612045
1.60960960961   4.81255382236
1.60747130398   4.81008111545
1.60316267761   4.80507611044
1.6016016016   4.80327827781
1.59889691595   4.80007110544
1.59467607477   4.79506610043
1.59359359359   4.79378251181
1.59031568926   4.79006109543
1.58558558559   4.78524131933
1.58539577164   4.78505609042
1.58026687595   4.78005108542
1.57757757758   4.77742674821
1.57513798025   4.77504608041
1.570180903   4.77004107541
1.56956956957   4.76941961935
1.56517964449   4.7650360704
1.56156156156   4.76142324255
1.56016039294   4.7600310654
1.55512306277   4.75502606039
1.55355355355   4.7534666229
1.55008573261   4.75002105539
1.54554554555   4.74551000326
1.54504840244   4.74501605038
1.54001107227   4.74001104538
1.53753753754   4.73743769662
1.53509954156   4.73500604037
1.52952952953   4.7300171587
1.52951274449   4.73000103537
1.52430233386   4.72499603036
1.52152152152   4.72232484365
1.5191809156   4.71999102536
1.51394663179   4.71498602035
1.51351351351   4.71460799784
1.50782033075   4.70998101535
1.50550550551   4.70809970285
1.50166201737   4.70497601034
1.4974974975   4.70146975333
1.49571737533   4.69997100534
1.48977798069   4.69496600033
1.48948948949   4.69472289476
1.48408823391   4.68996099533
1.48148148148   4.68766280878
1.47845727337   4.68495599032
1.47347347347   4.68070114046
1.47249393063   4.67995098532
1.46559420695   4.67494598031
1.46546546547   4.67485195594
1.45874117761   4.66994097531
1.45745745746   4.66884843302
1.45259130259   4.6649359703
1.44944944945   4.66266705196
1.44590194028   4.6599309653
1.44144144144   4.65649071728
1.43950350268   4.65492596029
1.43343343343   4.65002478204
1.43329498641   4.64992095529
1.42594276476   4.64491595028
1.42542542543   4.64458038822
1.41822649924   4.63991094528
1.41741741742   4.63937619617
1.41065386658   4.63490594027
1.40940940941   4.63401436796
1.40308286568   4.62990093527
1.4014014014   4.62884000418
1.39538777517   4.62489593026
1.39339339339   4.62361930445
1.38778084085   4.61989092526
1.38538538539   4.61835891612
1.38014573198   4.61488592025
1.37737737738   4.61311687049
1.37248531664   4.60988091525
1.36936936937   4.6078203781
1.36464758133   4.60487591024
1.36136136136   4.60279593886
1.35660623081   4.59987090524
1.35335335335   4.59772891483
1.34900551145   4.59486590023
1.34534534535   4.59245571393
1.34126983285   4.58986089523
1.33733733734   4.58759006427
1.33204839944   4.58485589022
1.32932932933   4.58345023731
1.32254935899   4.57985088522
1.32132132132   4.57919894432
1.31331331331   4.57489107542
1.31322929879   4.57484588021
1.30530530531   4.57058320652
1.30392536659   4.56984087521
1.2972972973   4.56618488412
1.29485162456   4.5648358702
1.28928928929   4.56175894761
1.28529414289   4.5598308652
1.28128128128   4.55793632117
1.27477980732   4.55482586019
1.27327327327   4.55410598879
1.26526526527   4.55007815499
1.26476130262   4.54982085519
1.25725725726   4.54598963985
1.25495820327   4.54481585018
1.24924924925   4.5419011247
1.24521586434   4.53981084518
1.24124124124   4.53778317971
1.23450509353   4.53480584017
1.23323323323   4.5342612484
1.22522522523   4.53083233781
1.22281621478   4.52980083517
1.21721721722   4.52721374158
1.21198436434   4.52479583016
1.20920920921   4.52351353169
1.2012012012   4.52011967957
1.20037622216   4.51979082516
1.19319319319   4.51692751513
1.1880055814   4.51478582015
1.18518518519   4.51364733974
1.17717717718   4.51022972266
1.17614497852   4.50978081515
1.16916916917   4.50674700648
1.16467608038   4.50477581014
1.16116116116   4.50325737713
1.15315315315   4.50027594734
1.15169780035   4.49977080514
1.14514514515   4.49731466873
1.1383450924   4.49476580013
1.13713713714   4.49424980516
1.12912912913   4.49107552468
1.12520891694   4.48976079513
1.12112112112   4.48841213764
1.11311311311   4.48569467226
1.11054973949   4.48475579012
1.10510510511   4.48279579061
1.0970970971   4.47982718261
1.09689101002   4.47975078512
1.08908908909   4.47685857461
1.08341724874   4.47474578011
1.08108108108   4.47387554367
1.07307307307   4.47103776746
1.0687450122   4.46974077511
1.06506506507   4.46866783232
1.05705705706   4.46633297965
1.05157899543   4.4647357701
1.04904904905   4.46392006698
1.04104104104   4.46146268657
1.03518514541   4.4597307651
1.03303303303   4.45903892305
1.02502502503   4.45646457947
1.01961608133   4.45472576009
1.01701701702   4.45389023589
1.00900900901   4.4513158923
1.00406814867   4.44972075509
1.001001001   4.44873053859
0.992992992993   4.44613428497
0.988617596594   4.44471575008
0.984984984985   4.44361042139
0.976976976977   4.44160185123
0.969427340607   4.43971074508
0.968968968969   4.4395959277
0.960960960961   4.43757889909
0.952952952953   4.43554995575
0.949620929926   4.43470574007
0.944944944945   4.43352101241
0.936936936937   4.43149206908
0.929866745845   4.42970073507
0.928928928929   4.4294486294
0.920920920921   4.42720842644
0.912912912913   4.42509532395
0.911398575054   4.42469573006
0.904904904905   4.42283115072
0.896896896897   4.42053174747
0.89362626547   4.41969072506
0.888888888889   4.41854450526
0.880880880881   4.41659545375
0.873908355071   4.41468572005
0.872872872873   4.41440210758
0.864864864865   4.41220876142
0.856856856857   4.4103783747
0.853533952207   4.40968071505
0.848848848849   4.40869705529
0.840840840841   4.40700064313
0.832832832833   4.40528356839
0.829997933225   4.40467571004
0.824824824825   4.40356649365
0.816816816817   4.40182675105
0.808808808809   4.39995832117
0.807657187101   4.39967070504
0.800800800801   4.39797237374
0.792792792793   4.39626036466
0.784784784785   4.39468569651
0.784683092294   4.39466570003
0.776776776777   4.3929387134
0.768768768769   4.39118951395
0.76124088443   4.38966069503
0.760760760761   4.38955555248
0.752752752753   4.38775731842
0.744744744745   4.3859330684
0.739137368485   4.38465569002
0.736736736737   4.38410881838
0.728728728729   4.38228456835
0.720720720721   4.38044184591
0.71734227275   4.37965068502
0.712712712713   4.37856654019
0.704704704705   4.37669123447
0.696696696697   4.37514209788
0.693913562874   4.37464568001
0.688688688689   4.37371373743
0.680680680681   4.37214882012
0.672672672673   4.37032082952
0.669253299346   4.36964067501
0.664664664665   4.36877289913
0.656656656657   4.36737528678
0.648648648649   4.36597767443
0.641040979266   4.36463567
0.640640640641   4.36456504966
0.632632632633   4.36312075796
0.624624624625   4.36167646626
0.616616616617   4.36023217456
0.613281491603   4.359630665
0.608608608609   4.35865850417
0.600600600601   4.35703332952
0.592592592593   4.35551126618
0.588030762463   4.35462565999
0.584584584585   4.35390639199
0.576576576577   4.35223500295
0.568568568569   4.35056361391
0.56380228468   4.34962065499
0.560560560561   4.34897931411
0.552552552553   4.34760231657
0.544544544545   4.34605256904
0.537536522532   4.34461564998
0.536536536537   4.34441061368
0.528528528529   4.34276865832
0.520520520521   4.34110901098
0.513502215711   4.33961064498
0.512512512513   4.33939934928
0.504504504505   4.33777451973
0.496496496496   4.33648005381
0.488488488488   4.33520719518
0.484972316545   4.33460563997
0.48048048048   4.33383716578
0.472472472472   4.33221659242
0.464464464464   4.33088518264
0.456456456456   4.32962200171
0.456321000787   4.32960063497
0.448448448448   4.32835882077
0.44044044044   4.32708573635
0.432432432432   4.3257777648
0.425194855085   4.32459562996
0.424424424424   4.32444719245
0.416416416416   4.32290430374
0.408408408408   4.32136141503
0.4004004004   4.32003651664
0.397785476198   4.31959062496
0.392392392392   4.31863111967
0.384384384384   4.31709692387
0.376376376376   4.31555849756
0.371312232825   4.31458561995
0.368368368368   4.31402007125
0.36036036036   4.31253782975
0.352352352352   4.31130998062
0.344344344344   4.30998970656
0.342179942323   4.30958061495
0.336336336336   4.30847612042
0.328328328328   4.30696253429
0.32032032032   4.30544128127
0.315880136016   4.30457560994
0.312312312312   4.30388001659
0.304304304304   4.30240693926
0.296296296296   4.30122908718
0.288288288288   4.30007927078
0.284764365107   4.29957060494
0.28028028028   4.29892334316
0.272272272272   4.29773009322
0.264264264264   4.29653684328
0.256256256256   4.29534359333
0.251035072357   4.29456559993
0.248248248248   4.29415034339
0.24024024024   4.29270894268
0.232232232232   4.2914403808
0.224224224224   4.29032038002
0.218791759086   4.28956059493
0.216216216216   4.28912336227
0.208208208208   4.28776389642
0.2002002002   4.2864002358
0.192192192192   4.28499903215
0.189657879001   4.28455558992
0.184184184184   4.28354847407
0.176176176176   4.28207506496
0.168168168168   4.28070784734
0.16016016016   4.27958351106
0.159977551735   4.27955058492
0.152152152152   4.27813958615
0.144144144144   4.27669566124
0.136136136136   4.27528049714
0.130755895121   4.27454557991
0.128128128128   4.27420129703
0.12012012012   4.27315033135
0.112112112112   4.27207165489
0.104104104104   4.27099084908
0.0960960960961   4.26980329382
0.0945317149726   4.26954057491
0.0880880880881   4.2684584456
0.0800800800801   4.26711219626
0.0720720720721   4.26573249487
0.0641878029635   4.2645355699
0.0640640640641   4.26451762507
0.0560560560561   4.26350866511
0.048048048048   4.26249970514
0.04004004004   4.2614838544
0.032032032032   4.26019001371
0.026865883314   4.2595305649
0.024024024024   4.25917904451
0.016016016016   4.25818850355
0.00800800800801   4.25719796259
0.0   4.25620742163
